3	6	0	6144
3	1917	205.89104983684	6144
3	1920	205.89104983684	6144
3	2319	72.1805018698144	6144
3	2322	72.1805018698144	6144
6	1917	205.89104983684	6144
6	1920	205.89104983684	6144
6	2319	72.1805018698144	6144
6	2322	72.1805018698144	6144
105	108	0	6144
105	657	271.53613433802	6144
105	1086	248.723308776293	6144
105	1089	248.723308776293	6144
105	1284	486.077126943388	6144
105	1287	486.077126943388	6144
105	1491	414.718094604902	6144
105	1494	414.718094604902	6144
105	1689	451.423376397435	6144
105	1692	451.423376397435	6144
105	2019	385.190964873193	6144
105	2022	385.190964873193	6144
105	2517	163.699312810017	6144
105	2520	163.699312810017	6144
105	2871	49.5340639098748	6144
105	2874	49.5340639098748	6144
108	657	271.53613433802	6144
108	1086	248.723308776293	6144
108	1089	248.723308776293	6144
108	1284	486.077126943388	6144
108	1287	486.077126943388	6144
108	1491	414.718094604902	6144
108	1494	414.718094604902	6144
108	1689	451.423376397435	6144
108	1692	451.423376397435	6144
108	2019	385.190964873193	6144
108	2022	385.190964873193	6144
108	2517	163.699312810017	6144
108	2520	163.699312810017	6144
108	2871	49.5340639098748	6144
108	2874	49.5340639098748	6144
207	210	0	6144
207	405	910.766415110447	6144
207	408	910.766415110447	6144
207	459	289.93598270245	6144
207	462	289.93598270245	6144
207	858	902.836404864001	6144
207	861	902.836404864001	6144
207	888	260.11647386017	6144
207	891	260.11647386017	6144
207	1338	288.698652779528	6144
207	1719	279.493759441226	6144
207	1722	279.493759441226	6144
207	2121	221.388347393083	6144
207	2124	221.388347393083	6144
207	2619	117.88501777382	6144
207	2622	117.88501777382	6144
207	2817	906.599579376258	6144
207	2820	906.599579376258	6144
207	2973	58.9751872507021	6144
207	2976	58.9751872507021	6144
207	3171	908.221681377035	6144
207	3174	908.221681377035	6144
207	3225	258.063222816869	6144
207	3228	258.063222816869	6144
210	405	910.766415110447	6144
210	408	910.766415110447	6144
210	459	289.93598270245	6144
210	462	289.93598270245	6144
210	858	902.836404864001	6144
210	861	902.836404864001	6144
210	888	260.11647386017	6144
210	891	260.11647386017	6144
210	1338	288.698652779528	6144
210	1719	279.493759441226	6144
210	1722	279.493759441226	6144
210	2121	221.388347393083	6144
210	2124	221.388347393083	6144
210	2619	117.88501777382	6144
210	2622	117.88501777382	6144
210	2817	906.599579376258	6144
210	2820	906.599579376258	6144
210	2973	58.9751872507021	6144
210	2976	58.9751872507021	6144
210	3171	908.221681377035	6144
210	3174	908.221681377035	6144
210	3225	258.063222816869	6144
210	3228	258.063222816869	6144
405	408	0	6144
405	459	711.52795035578	6144
405	462	711.52795035578	6144
405	858	49.6546241154105	6144
405	861	49.6546241154105	6144
405	888	875.734452909907	6144
405	891	875.734452909907	6144
405	1338	994.021151464427	6144
405	1719	1061.0334717135	6144
405	1722	1061.0334717135	6144
405	2121	1059.06424556132	6144
405	2124	1059.06424556132	6144
405	2619	993.5167696412	6144
405	2622	993.5167696412	6144
405	2817	39.8617308152815	6144
405	2820	39.8617308152815	6144
405	2973	871.543676275192	6144
405	2976	871.543676275192	6144
405	3171	25.1886895592021	6144
405	3174	25.1886895592021	6144
405	3225	767.861434907595	6144
405	3228	767.861434907595	6144
408	459	711.52795035578	6144
408	462	711.52795035578	6144
408	858	49.6546241154105	6144
408	861	49.6546241154105	6144
408	888	875.734452909907	6144
408	891	875.734452909907	6144
408	1338	994.021151464427	6144
408	1719	1061.0334717135	6144
408	1722	1061.0334717135	6144
408	2121	1059.06424556132	6144
408	2124	1059.06424556132	6144
408	2619	993.5167696412	6144
408	2622	993.5167696412	6144
408	2817	39.8617308152815	6144
408	2820	39.8617308152815	6144
408	2973	871.543676275192	6144
408	2976	871.543676275192	6144
408	3171	25.1886895592021	6144
408	3174	25.1886895592021	6144
408	3225	767.861434907595	6144
408	3228	767.861434907595	6144
411	414	7.41900417839287	384
411	417	10.9393057399236	384
411	420	13.8768945188531	384
411	423	17.6938599335852	384
411	426	21.4569820771613	384
411	429	19.2914297850852	384
411	432	18.7710509553933	384
411	435	20.0265982255661	384
411	438	21.1691434361954	384
411	441	22.7803118044616	384
411	444	23.0123788765038	384
411	447	24.1363812726844	384
411	450	22.728509390206	384
411	453	19.6257945765467	384
411	456	16.7804547966555	384
411	1290	21.6565683178957	384
411	1293	21.3387911420344	384
411	1296	21.083102946245	384
411	1299	20.4537766591368	384
411	1302	20.5988976803633	384
411	1305	20.2479987021002	384
411	1308	21.8175625410882	384
411	1311	23.4814965792886	384
411	1314	24.2215759276222	384
411	1317	22.0411756472119	384
411	1320	18.5227376276877	384
411	1323	18.9536358413026	384
411	1326	18.1382185403344	384
411	1329	17.8497039198786	384
411	1332	24.8000543015889	384
411	1335	31.7326411107818	384
411	2823	11.728344519876	384
411	2826	8.35841128975546	384
411	2829	5.13845516688475	384
411	2832	9.61158647700159	384
411	2835	13.3033002899125	384
411	2838	15.4513215839562	384
411	2841	19.0045377372663	384
411	2844	19.6468951774964	384
411	2847	18.5764299963128	384
411	2850	21.1414446569781	384
411	2853	22.455415552435	384
411	2856	22.2883570157684	384
411	2859	22.9863318606428	384
411	2862	23.1042558596852	384
411	2865	21.5768316694762	384
411	2868	21.4563826765845	384
411	3177	6.86484420824883	384
411	3180	11.123723188014	384
411	3183	11.3835752400919	384
411	3186	14.1892469700866	384
411	3189	20.500178948554	384
411	3192	20.5325718990325	384
411	3195	21.8390600320414	384
411	3198	21.6565679366431	384
411	3201	21.5327618934579	384
411	3204	20.3610403753654	384
411	3207	20.9829667385748	384
411	3210	23.1351510884722	384
411	3213	23.7990613758791	384
411	3216	22.5502015733055	384
411	3219	19.8192726396982	384
411	3222	20.1317145517633	384
414	417	6.53401022336203	384
414	420	8.72286213819423	384
414	423	12.5719930924134	384
414	426	16.0920978090568	384
414	429	16.7410794298794	384
414	432	15.6387740003878	384
414	435	15.8113150236857	384
414	438	16.1037431694226	384
414	441	17.5872513157637	384
414	444	18.4578887398074	384
414	447	18.8897286723592	384
414	450	18.8748515868372	384
414	453	17.0976885413296	384
414	456	13.4419139519647	384
414	1290	16.1856750573156	384
414	1293	16.0743721917398	384
414	1296	17.1738569084498	384
414	1299	18.1665536336432	384
414	1302	17.9311309517034	384
414	1305	16.5917752970589	384
414	1308	16.5942335951889	384
414	1311	18.4757414208996	384
414	1314	18.9977142037615	384
414	1317	17.5057920841443	384
414	1320	15.6188991449086	384
414	1323	18.0684137707556	384
414	1326	15.8870872044614	384
414	1329	15.1812551093075	384
414	1332	23.904138576532	384
414	1335	31.539831150605	384
414	2823	15.4320457550405	384
414	2826	10.5537372282434	384
414	2829	6.29607945298615	384
414	2832	4.26432556623213	384
414	2835	8.53278048836284	384
414	2838	10.2251012363784	384
414	2841	14.1858951322744	384
414	2844	16.4627164610483	384
414	2847	14.4499611922638	384
414	2850	15.9585296316753	384
414	2853	17.8877570277032	384
414	2856	17.5713516447741	384
414	2859	18.1043618664252	384
414	2862	19.2118425352555	384
414	2865	18.0265784107708	384
414	2868	17.709324725448	384
414	3177	6.93367679149446	384
414	3180	6.18704734280946	384
414	3183	8.12496085389704	384
414	3186	9.36436730330982	384
414	3189	15.0027308053998	384
414	3192	15.9168417104938	384
414	3195	16.8452461913515	384
414	3198	17.425425242835	384
414	3201	18.8915639559827	384
414	3204	17.4904679601782	384
414	3207	17.6355845348677	384
414	3210	17.8459122481699	384
414	3213	18.5138664727504	384
414	3216	17.7799731391545	384
414	3219	15.4492119118642	384
414	3222	16.2404448923272	384
417	420	6.69791684231671	384
417	423	9.46906350190374	384
417	426	12.7031682613238	384
417	429	13.223843011911	384
417	432	12.5685815350469	384
417	435	13.0293432273273	384
417	438	14.0416519535202	384
417	441	15.1368330459558	384
417	444	16.2792930987392	384
417	447	16.9357628821394	384
417	450	16.6301445718122	384
417	453	14.0786362760626	384
417	456	13.506047874191	384
417	1290	12.7168612997362	384
417	1293	13.6879157576632	384
417	1296	14.5082694120388	384
417	1299	14.7332241368169	384
417	1302	13.9882522561653	384
417	1305	13.5270714139786	384
417	1308	14.5469232487468	384
417	1311	16.5952409108325	384
417	1314	17.5413411697709	384
417	1317	15.242113075347	384
417	1320	14.2060110233215	384
417	1323	18.8465839146774	384
417	1326	15.2079535965886	384
417	1329	15.9443924982711	384
417	1332	24.8388908230741	384
417	1335	32.7230038302921	384
417	2823	18.418232816669	384
417	2826	11.4586319861438	384
417	2829	9.7060295065698	384
417	2832	7.95806263552901	384
417	2835	6.28125101762844	384
417	2838	7.83521979463217	384
417	2841	11.4847857178359	384
417	2844	11.7620590087963	384
417	2847	11.6764307402121	384
417	2850	13.2315156222222	384
417	2853	15.2996296677782	384
417	2856	15.1002229793941	384
417	2859	15.6729855336195	384
417	2862	17.3901406031456	384
417	2865	15.9949046568251	384
417	2868	14.4924161808184	384
417	3177	10.9268667823612	384
417	3180	5.86168834911063	384
417	3183	3.89144173148297	384
417	3186	8.24059652819891	384
417	3189	13.4830377122072	384
417	3192	12.3013427380119	384
417	3195	14.5463589974018	384
417	3198	14.6206209694083	384
417	3201	14.7065440271413	384
417	3204	13.8247073557564	384
417	3207	14.331529097777	384
417	3210	15.7102366983373	384
417	3213	16.4601340830949	384
417	3216	15.9793842008897	384
417	3219	14.507371517312	384
417	3222	15.5961680562986	384
420	423	7.47238425946264	384
420	426	11.9791815950663	384
420	429	11.5353670790139	384
420	432	11.6668291749253	384
420	435	12.0259523747772	384
420	438	12.3529747378022	384
420	441	11.1387967372152	384
420	444	12.0512590288696	384
420	447	14.2982432500645	384
420	450	15.7389530337255	384
420	453	14.6117777841621	384
420	456	15.2918203004798	384
420	1290	11.1356153889642	384
420	1293	9.83133100831129	384
420	1296	11.1051266864237	384
420	1299	12.9422681170782	384
420	1302	12.7325442531644	384
420	1305	13.0424698231979	384
420	1308	13.2305988968007	384
420	1311	12.793195031828	384
420	1314	14.2427951731185	384
420	1317	14.7420163455815	384
420	1320	15.3655502299832	384
420	1323	19.7491218166294	384
420	1326	15.7801002559336	384
420	1329	17.8226594663451	384
420	1332	25.1588674840266	384
420	1335	32.5820375185346	384
420	2823	21.716858973906	384
420	2826	16.9952329643799	384
420	2829	11.4332873826152	384
420	2832	8.25599329775508	384
420	2835	4.24946724197809	384
420	2838	2.98705874212731	384
420	2841	10.3281458063086	384
420	2844	12.4741469501141	384
420	2847	10.5844358753353	384
420	2850	10.1327372131187	384
420	2853	10.8552853190844	384
420	2856	10.726851488037	384
420	2859	12.9995812117295	384
420	2862	14.218516751092	384
420	2865	15.8855678120073	384
420	2868	14.8624384693734	384
420	3177	10.3867493257251	384
420	3180	9.50813588583187	384
420	3183	4.44214131483204	384
420	3186	5.44561592317134	384
420	3189	10.9885001090417	384
420	3192	9.92994515237713	384
420	3195	9.60467183521925	384
420	3198	12.4023730245333	384
420	3201	13.9498567597671	384
420	3204	12.5414621272138	384
420	3207	14.5756040307911	384
420	3210	15.0806156980106	384
420	3213	13.3397433613672	384
420	3216	13.4917619291432	384
420	3219	14.2963328596646	384
420	3222	17.1752113352099	384
423	426	6.44714411142927	384
423	429	8.76939688385802	384
423	432	7.56649689132745	384
423	435	8.16150032518723	384
423	438	8.26910201458431	384
423	441	8.49169446388001	384
423	444	9.45986146092488	384
423	447	10.825263647887	384
423	450	13.1757667272632	384
423	453	13.5574588814535	384
423	456	14.9660582537954	384
423	1290	5.69722088820836	384
423	1293	6.48877341082158	384
423	1296	7.75468227261047	384
423	1299	10.0396979908145	384
423	1302	9.89561048644568	384
423	1305	9.12569790664319	384
423	1308	9.16674946911534	384
423	1311	10.354065343179	384
423	1314	11.7219813010412	384
423	1317	12.9671438284062	384
423	1320	14.5724592278633	384
423	1323	19.5870307805006	384
423	1326	18.8168930878212	384
423	1329	19.9385135478872	384
423	1332	27.8019944678386	384
423	1335	34.3714388858755	384
423	2823	25.3454739637932	384
423	2826	18.4753121035071	384
423	2829	15.0173995255798	384
423	2832	10.977965188124	384
423	2835	9.2546085009599	384
423	2838	7.63905316930099	384
423	2841	3.29638294200912	384
423	2844	6.55477934597114	384
423	2847	6.90146658656483	384
423	2850	6.17666275768101	384
423	2853	7.55040969301954	384
423	2856	7.84984661367014	384
423	2859	9.18490060901242	384
423	2862	11.2525644583001	384
423	2865	12.9277791587706	384
423	2868	13.3207258515435	384
423	3177	15.3080450763297	384
423	3180	11.5752149634106	384
423	3183	8.48550445691182	384
423	3186	5.89982134418734	384
423	3189	6.92386107159804	384
423	3192	5.86833387144743	384
423	3195	6.7419019282554	384
423	3198	8.34034198556462	384
423	3201	9.93260610773686	384
423	3204	9.60929623849405	384
423	3207	10.1289205821185	384
423	3210	10.0493354613073	384
423	3213	10.3281974292175	384
423	3216	12.1061384330452	384
423	3219	13.4524101333648	384
423	3222	14.9235883717978	384
426	429	7.60983668083769	384
426	432	8.34756782460625	384
426	435	8.3289751180346	384
426	438	8.24053580520076	384
426	441	9.08196450393208	384
426	444	9.5265734765123	384
426	447	9.2638710399948	384
426	450	10.541500991523	384
426	453	12.9114545217222	384
426	456	15.4137354975548	384
426	1290	4.18646451520861	384
426	1293	5.62380785416682	384
426	1296	7.04242123377185	384
426	1299	8.6711807390672	384
426	1302	8.31395277492206	384
426	1305	8.82219566998788	384
426	1308	8.31553963970481	384
426	1311	10.4903050283699	384
426	1314	11.2106533792269	384
426	1317	10.4611512637771	384
426	1320	12.073269979012	384
426	1323	17.7158128818369	384
426	1326	18.9898586805143	384
426	1329	23.0050434641914	384
426	1332	30.5372515135681	384
426	1335	35.5780509082857	384
426	2823	29.2245541044823	384
426	2826	22.0720508019568	384
426	2829	19.9968839805739	384
426	2832	15.8052121923882	384
426	2835	11.8645154540832	384
426	2838	9.72095068586819	384
426	2841	4.63405563841911	384
426	2844	3.33612945838166	384
426	2847	7.85412654683445	384
426	2850	8.35287429721578	384
426	2853	8.33103618720262	384
426	2856	8.44688403774531	384
426	2859	6.91286280565808	384
426	2862	9.11225059130792	384
426	2865	12.6736358375456	384
426	2868	12.5849524171564	384
426	3177	17.3792764572025	384
426	3180	12.0147668771724	384
426	3183	12.0968099459563	384
426	3186	9.50588330499057	384
426	3189	6.4919383862294	384
426	3192	5.56040110895602	384
426	3195	7.4615153843649	384
426	3198	6.50561862837053	384
426	3201	7.51594816033087	384
426	3204	8.703929350578	384
426	3207	9.1314681457116	384
426	3210	9.88397407355504	384
426	3213	11.1674635588431	384
426	3216	11.4080336690586	384
426	3219	11.6830126582205	384
426	3222	14.6331796016943	384
429	432	3.98403612896368	384
429	435	4.62636214328674	384
429	438	6.25281782104345	384
429	441	6.3417581589784	384
429	444	8.07557276583988	384
429	447	9.82125321906036	384
429	450	11.1432446220366	384
429	453	11.7618567885379	384
429	456	15.0452223872342	384
429	1290	10.7246421084039	384
429	1293	3.78588306919345	384
429	1296	3.74713490677763	384
429	1299	2.27465866272515	384
429	1302	3.31528865236817	384
429	1305	4.80878617343738	384
429	1308	8.05730537449839	384
429	1311	10.7710525946529	384
429	1314	12.3713799452873	384
429	1317	12.6825166608759	384
429	1320	13.0613245556387	384
429	1323	18.2429510020064	384
429	1326	17.006799717821	384
429	1329	22.4859844313732	384
429	1332	30.1134467308055	384
429	1335	35.4755226886872	384
429	2823	27.8877788298512	384
429	2826	21.6665030670287	384
429	2829	20.5808977664134	384
429	2832	16.4513944070243	384
429	2835	12.9013154097682	384
429	2838	9.5139640226863	384
429	2841	8.8254190820341	384
429	2844	5.90707444585007	384
429	2847	4.10424234602104	384
429	2850	6.39968501936031	384
429	2853	5.34910366058304	384
429	2856	5.78471922679322	384
429	2859	5.32460307539734	384
429	2862	7.63253803262404	384
429	2865	10.6668776064	384
429	2868	11.7691624076936	384
429	3177	16.6154458577343	384
429	3180	13.4586405749375	384
429	3183	10.5845985672323	384
429	3186	8.82045342440918	384
429	3189	11.5070678054637	384
429	3192	5.56502962932434	384
429	3195	3.87544191931878	384
429	3198	3.87687680948372	384
429	3201	3.07042638152282	384
429	3204	3.67884262339235	384
429	3207	6.71423861793224	384
429	3210	11.4885317208203	384
429	3213	12.7787224980832	384
429	3216	13.0592656914164	384
429	3219	13.5049564033275	384
429	3222	18.026487091065	384
432	435	1.79879315285173	384
432	438	3.5194368604392	384
432	441	6.75978758008395	384
432	444	9.31486172802883	384
432	447	11.8414120842498	384
432	450	12.8839260206815	384
432	453	13.1705914163781	384
432	456	14.2021017317857	384
432	1290	9.79994453079835	384
432	1293	5.47481641583539	384
432	1296	3.98055425633118	384
432	1299	4.27619781141851	384
432	1302	3.44348215280946	384
432	1305	3.26502890319629	384
432	1308	6.01770077763614	384
432	1311	11.0194809619677	384
432	1314	14.4767500850077	384
432	1317	14.3462515918281	384
432	1320	14.5756405022817	384
432	1323	20.2656088738893	384
432	1326	17.6603287113362	384
432	1329	21.1292276331017	384
432	1332	30.5338841940677	384
432	1335	37.109172280775	384
432	2823	26.8086334322884	384
432	2826	20.8619385209674	384
432	2829	18.921371104543	384
432	2832	16.7044034594335	384
432	2835	14.7114171703635	384
432	2838	11.694890569163	384
432	2841	8.45515389222821	384
432	2844	6.14032563639241	384
432	2847	1.66182149291152	384
432	2850	2.67388083984463	384
432	2853	5.07836062113686	384
432	2856	6.16699482569769	384
432	2859	6.7786140945889	384
432	2862	10.1078130531545	384
432	2865	10.5386697044536	384
432	2868	11.6754911244662	384
432	3177	18.8200426847071	384
432	3180	15.5188242699824	384
432	3183	10.2771481132387	384
432	3186	7.95103649065895	384
432	3189	9.58938988119403	384
432	3192	4.58967982587574	384
432	3195	5.67769138747911	384
432	3198	3.72744925362974	384
432	3201	3.97875866107136	384
432	3204	4.46317538249033	384
432	3207	5.32263861391714	384
432	3210	9.48964483154664	384
432	3213	12.9600649087219	384
432	3216	14.6165567143404	384
432	3219	15.3201716250539	384
432	3222	19.5747589745231	384
435	438	2.48257846290889	384
435	441	5.82076195590124	384
435	444	8.53762800812891	384
435	447	10.9769930382702	384
435	450	12.8277514889919	384
435	453	13.3009316005896	384
435	456	14.2559078525435	384
435	1290	9.8462708594971	384
435	1293	5.41668857435123	384
435	1296	4.83500299001261	384
435	1299	4.25204092517372	384
435	1302	3.1967223204898	384
435	1305	2.88990039951489	384
435	1308	5.13849204292619	384
435	1311	10.2484588193371	384
435	1314	13.6708467963795	384
435	1317	13.78870311248	384
435	1320	14.9322348517295	384
435	1323	20.5758955366302	384
435	1326	17.8033552557675	384
435	1329	21.0433398513097	384
435	1332	30.4368832025828	384
435	1335	37.0828292234173	384
435	2823	27.6986059441393	384
435	2826	21.3314050525292	384
435	2829	19.3802472115321	384
435	2832	16.9218086434985	384
435	2835	15.1268807548941	384
435	2838	11.9105231587533	384
435	2841	8.53743027305989	384
435	2844	6.80051398478721	384
435	2847	2.03645089335146	384
435	2850	2.80468356544544	384
435	2853	4.36278462849432	384
435	2856	5.24373868593409	384
435	2859	5.67734043005265	384
435	2862	9.92576778604928	384
435	2865	10.2606078311261	384
435	2868	11.7318248827632	384
435	3177	19.8920085925909	384
435	3180	15.9089719749377	384
435	3183	11.6174909479725	384
435	3186	8.30040276259679	384
435	3189	9.10750112962794	384
435	3192	5.14652831094077	384
435	3195	5.46674138361689	384
435	3198	4.0828094492035	384
435	3201	3.7796022913392	384
435	3204	4.42228784789769	384
435	3207	5.43759787479554	384
435	3210	8.79371751850369	384
435	3213	12.464241529935	384
435	3216	13.7960900549627	384
435	3219	14.9535535391468	384
435	3222	19.2583753403984	384
438	441	4.71206938288972	384
438	444	6.91015055824552	384
438	447	9.44046638555439	384
438	450	12.0014894021696	384
438	453	12.8466670882862	384
438	456	13.9214484468866	384
438	1290	9.37197171166355	384
438	1293	6.20858418456951	384
438	1296	5.12451371048511	384
438	1299	6.07745905341026	384
438	1302	4.14411398598626	384
438	1305	2.9862915515175	384
438	1308	3.37543868009358	384
438	1311	8.71307793285445	384
438	1314	12.0339607995494	384
438	1317	12.4930971491224	384
438	1320	14.3140187840223	384
438	1323	20.0041181374243	384
438	1326	17.8324802973996	384
438	1329	20.9450554794598	384
438	1332	29.7375004165117	384
438	1335	36.6047357331664	384
438	2823	28.9724682214242	384
438	2826	22.456525359001	384
438	2829	19.4222242257611	384
438	2832	17.0574189122233	384
438	2835	15.1518435653014	384
438	2838	12.215884601653	384
438	2841	8.38395933702971	384
438	2844	7.42074513514984	384
438	2847	3.57737298756469	384
438	2850	3.46839353020023	384
438	2853	4.42548066924929	384
438	2856	4.24995972500341	384
438	2859	4.45820223350844	384
438	2862	8.0234762612602	384
438	2865	9.72572414085348	384
438	2868	11.1080074891282	384
438	3177	19.8393347453152	384
438	3180	16.5825297197877	384
438	3183	12.6246892256122	384
438	3186	8.95476111378856	384
438	3189	9.09926913767129	384
438	3192	5.26171677266641	384
438	3195	5.89009462443055	384
438	3198	4.44100348818978	384
438	3201	4.48466414895207	384
438	3204	4.31798154349778	384
438	3207	4.50646658938297	384
438	3210	6.96577000908668	384
438	3213	10.666596203784	384
438	3216	12.6174453667044	384
438	3219	13.4260264537398	384
438	3222	17.6857907500268	384
441	444	3.36826685084017	384
441	447	7.66924857379688	384
441	450	11.5457532754786	384
441	453	12.0989277579184	384
441	456	14.7490586211613	384
441	1290	8.79842083504059	384
441	1293	5.99388828703429	384
441	1296	6.11186374327909	384
441	1299	6.36992908668041	384
441	1302	4.60135213298254	384
441	1305	4.29893920409993	384
441	1308	4.92190516314724	384
441	1311	5.81725380007809	384
441	1314	9.11399487483838	384
441	1317	12.0000328254425	384
441	1320	13.9928902824999	384
441	1323	19.5119323398405	384
441	1326	17.5846438674687	384
441	1329	22.2595041640314	384
441	1332	28.0789866840268	384
441	1335	34.9192601964806	384
441	2823	30.8651539375104	384
441	2826	24.13974237541	384
441	2829	19.9758631447687	384
441	2832	16.0225485915458	384
441	2835	14.0347008833457	384
441	2838	11.6229016117426	384
441	2841	8.79156673019482	384
441	2844	8.85222186415064	384
441	2847	6.76505186263542	384
441	2850	5.02002831181197	384
441	2853	3.24901146570099	384
441	2856	1.59745019883809	384
441	2859	3.29997628308129	384
441	2862	5.86193021716447	384
441	2865	9.82142487945267	384
441	2868	11.3599086223747	384
441	3177	19.3133424226605	384
441	3180	16.58480698196	384
441	3183	14.2252263678639	384
441	3186	10.6879277051594	384
441	3189	9.37085735968247	384
441	3192	5.50778836469996	384
441	3195	4.97784393879739	384
441	3198	6.46105201753722	384
441	3201	5.89873515873168	384
441	3204	3.75222985375763	384
441	3207	5.4137395477028	384
441	3210	7.70987050536547	384
441	3213	8.62416788837463	384
441	3216	10.373641025427	384
441	3219	12.7698990559459	384
441	3222	16.5207985073526	384
444	447	5.56762436231863	384
444	450	10.1645177727957	384
444	453	10.2270862310216	384
444	456	13.1167976463519	384
444	1290	8.95154913041027	384
444	1293	7.88956228818091	384
444	1296	8.49211509477728	384
444	1299	7.61394707646783	384
444	1302	7.08712032776778	384
444	1305	6.80844403828748	384
444	1308	5.01053569797147	384
444	1311	3.66470043155145	384
444	1314	7.09898461337762	384
444	1317	10.6010174657795	384
444	1320	12.7333019314028	384
444	1323	16.6438669753651	384
444	1326	17.0082089164124	384
444	1329	22.1205252148765	384
444	1332	27.4717134009805	384
444	1335	33.9916002760956	384
444	2823	31.6168174041143	384
444	2826	24.9249430909665	384
444	2829	20.8803393739636	384
444	2832	15.9929805522193	384
444	2835	15.1698315594221	384
444	2838	12.8467909998182	384
444	2841	9.36082030968256	384
444	2844	9.47958112839978	384
444	2847	9.24423128852784	384
444	2850	7.47176213123236	384
444	2853	5.61464117666336	384
444	2856	3.94794161592989	384
444	2859	5.18308256483722	384
444	2862	2.79494447871745	384
444	2865	7.69787180063121	384
444	2868	10.219493282911	384
444	3177	19.9198866340153	384
444	3180	17.0593710924833	384
444	3183	15.1989681877072	384
444	3186	11.98121262673	384
444	3189	8.60045794674076	384
444	3192	7.34348813172139	384
444	3195	7.408886872225	384
444	3198	8.75724402495185	384
444	3201	8.26159858111151	384
444	3204	5.49114814692941	384
444	3207	5.98465305348917	384
444	3210	6.88075193993892	384
444	3213	7.11953289194922	384
444	3216	8.93300129487534	384
444	3219	11.392523151907	384
444	3222	14.8075510805423	384
447	450	5.08028774865099	384
447	453	6.8567525131177	384
447	456	10.1785129879228	384
447	1290	10.2551250292526	384
447	1293	9.82132117232996	384
447	1296	9.95287241632864	384
447	1299	10.2374670235516	384
447	1302	10.1486594201934	384
447	1305	9.41070213107521	384
447	1308	6.87323265742034	384
447	1311	2.71917190189496	384
447	1314	4.6615858900594	384
447	1317	5.88530196217882	384
447	1320	8.59636105391349	384
447	1323	12.854244433947	384
447	1326	16.9732557209628	384
447	1329	22.1791685920352	384
447	1332	29.1128803049702	384
447	1335	35.3728367850357	384
447	2823	32.8212378381493	384
447	2826	25.9460253385481	384
447	2829	22.5007865955907	384
447	2832	17.3184896083658	384
447	2835	16.4229319602793	384
447	2838	12.784903015175	384
447	2841	9.47287299331748	384
447	2844	10.6249260527811	384
447	2847	11.5340946523785	384
447	2850	11.0346700788693	384
447	2853	9.54806975919267	384
447	2856	7.92571273417318	384
447	2859	6.76372449942661	384
447	2862	4.01740979147042	384
447	2865	5.05450036333148	384
447	2868	6.21519527054287	384
447	3177	19.8281498536331	384
447	3180	16.4276447335575	384
447	3183	16.074243125696	384
447	3186	13.1830574968911	384
447	3189	10.2435632991733	384
447	3192	10.7798163061207	384
447	3195	9.99350591008763	384
447	3198	10.2416399594999	384
447	3201	10.0324898402903	384
447	3204	8.19171092020718	384
447	3207	8.33726884825878	384
447	3210	5.53691646600641	384
447	3213	4.44877334936603	384
447	3216	6.01176766759596	384
447	3219	7.39895786912435	384
447	3222	10.8485726739108	384
450	453	3.88575498804975	384
450	456	7.64010690971142	384
450	1290	13.1796127764979	384
450	1293	11.3702828319033	384
450	1296	11.5225790252686	384
450	1299	12.0119478022072	384
450	1302	11.3161005016656	384
450	1305	10.8133626322491	384
450	1308	10.0751493101269	384
450	1311	7.80080265030607	384
450	1314	3.54459332167664	384
450	1317	2.60907988208459	384
450	1320	4.7986018305197	384
450	1323	10.5070260941279	384
450	1326	14.5841092370965	384
450	1329	20.7931476592552	384
450	1332	28.9698512410453	384
450	1335	34.5010015082085	384
450	2823	31.8049333285382	384
450	2826	25.2203502454409	384
450	2829	23.0823285305455	384
450	2832	18.5038839751034	384
450	2835	15.7429109470979	384
450	2838	13.3523109968192	384
450	2841	12.5585580007345	384
450	2844	11.2589763096428	384
450	2847	12.8949705583246	384
450	2850	14.6476231582537	384
450	2853	12.7340315203587	384
450	2856	11.6568856705042	384
450	2859	9.07068211730701	384
450	2862	7.65126487007628	384
450	2865	6.43281940138879	384
450	2868	3.36293686154216	384
450	3177	19.2223950335029	384
450	3180	14.81935768309	384
450	3183	14.7067746488482	384
450	3186	13.6240519613138	384
450	3189	13.9221863461927	384
450	3192	11.9571860117879	384
450	3195	12.7373957592776	384
450	3198	11.3358097261001	384
450	3201	10.503651091444	384
450	3204	10.171485675016	384
450	3207	10.0930562585484	384
450	3210	9.23919789481848	384
450	3213	4.57959656187031	384
450	3216	2.94683503888825	384
450	3219	5.00445081042565	384
450	3222	10.0199241655063	384
453	456	4.75856899835	384
453	1290	13.5788799768036	384
453	1293	14.0617413492095	384
453	1296	14.1379479470658	384
453	1299	12.2257883759072	384
453	1302	11.2473014462899	384
453	1305	10.9968643141427	384
453	1308	10.8473182934976	384
453	1311	7.93471111789343	384
453	1314	5.53164977439627	384
453	1317	3.45667511039657	384
453	1320	4.16658282608434	384
453	1323	9.33806296191519	384
453	1326	11.5011917586517	384
453	1329	18.6083877580586	384
453	1332	26.3809247812037	384
453	1335	33.5276897369607	384
453	2823	28.9696770500261	384
453	2826	21.834385072986	384
453	2829	20.5916477313504	384
453	2832	16.5150770785173	384
453	2835	15.5506814235351	384
453	2838	14.1253691427479	384
453	2841	14.1503889724214	384
453	2844	11.2682826420538	384
453	2847	13.4330919727668	384
453	2850	15.1680936726072	384
453	2853	13.7597542608496	384
453	2856	12.1740347436941	384
453	2859	11.7994140281393	384
453	2862	8.94536904474601	384
453	2865	6.21383974108418	384
453	2868	3.19903056035531	384
453	3177	18.458656525536	384
453	3180	15.0531106194133	384
453	3183	12.6241874296351	384
453	3186	13.4935912450738	384
453	3189	13.6577578323019	384
453	3192	13.5644276701955	384
453	3195	14.7751626518691	384
453	3198	13.9810426955548	384
453	3201	11.9163394804283	384
453	3204	9.80467965228034	384
453	3207	10.0431846500797	384
453	3210	10.0070111501678	384
453	3213	5.89398462995701	384
453	3216	3.67343087867402	384
453	3219	4.64232774787708	384
453	3222	9.7197736100089	384
456	1290	15.4643466488429	384
456	1293	17.0643300916691	384
456	1296	17.1762000251374	384
456	1299	15.4628447013595	384
456	1302	14.5222802612308	384
456	1305	12.5496512134638	384
456	1308	12.1196661343877	384
456	1311	10.1768596197365	384
456	1314	9.00764663379539	384
456	1317	7.4394640862816	384
456	1320	4.34436655173193	384
456	1323	7.12262740247229	384
456	1326	9.62838741043782	384
456	1329	14.5703898174256	384
456	1332	23.8991906846022	384
456	1335	32.2254402423619	384
456	2823	24.9424724861069	384
456	2826	18.7893258958839	384
456	2829	17.101755799013	384
456	2832	14.5284033018473	384
456	2835	16.9988692606169	384
456	2838	16.175062342696	384
456	2841	14.9781168009053	384
456	2844	14.2800242001833	384
456	2847	13.9940632263444	384
456	2850	16.1047877080365	384
456	2853	16.9719673569307	384
456	2856	15.188494476587	384
456	2859	15.5201184591656	384
456	2862	11.9193584355559	384
456	2865	7.17899957891787	384
456	2868	6.10524106828674	384
456	3177	17.2243930090264	384
456	3180	14.7619695886773	384
456	3183	13.5554567590656	384
456	3186	13.1849753894979	384
456	3189	12.9381938179191	384
456	3192	15.8509902746454	384
456	3195	18.1489095739595	384
456	3198	17.0731359492756	384
456	3201	15.7639162549416	384
456	3204	13.0690429231264	384
456	3207	11.7227531702693	384
456	3210	11.2572181501117	384
456	3213	9.41937106096112	384
456	3216	7.76722615921131	384
456	3219	5.66546184648299	384
456	3222	8.99245415071428	384
459	462	0	6144
459	858	707.512383418621	6144
459	861	707.512383418621	6144
459	888	208.052900562601	6144
459	891	208.052900562601	6144
459	1338	353.964993145817	6144
459	1719	424.672055485593	6144
459	1722	424.672055485593	6144
459	2121	406.453323637961	6144
459	2124	406.453323637961	6144
459	2619	359.759004343136	6144
459	2622	359.759004343136	6144
459	2817	708.348913896298	6144
459	2820	708.348913896298	6144
459	2973	270.932850673143	6144
459	2976	270.932850673143	6144
459	3171	710.074000694239	6144
459	3174	710.074000694239	6144
459	3225	74.376868992249	6144
459	3228	74.376868992249	6144
462	858	707.512383418621	6144
462	861	707.512383418621	6144
462	888	208.052900562601	6144
462	891	208.052900562601	6144
462	1338	353.964993145817	6144
462	1719	424.672055485593	6144
462	1722	424.672055485593	6144
462	2121	406.453323637961	6144
462	2124	406.453323637961	6144
462	2619	359.759004343136	6144
462	2622	359.759004343136	6144
462	2817	708.348913896298	6144
462	2820	708.348913896298	6144
462	2973	270.932850673143	6144
462	2976	270.932850673143	6144
462	3171	710.074000694239	6144
462	3174	710.074000694239	6144
462	3225	74.376868992249	6144
462	3228	74.376868992249	6144
657	1086	234.204086670217	6144
657	1089	234.204086670217	6144
657	1284	704.746543372345	6144
657	1287	704.746543372345	6144
657	1491	473.714309128607	6144
657	1494	473.714309128607	6144
657	1689	677.497488221624	6144
657	1692	677.497488221624	6144
657	2019	609.953469694043	6144
657	2022	609.953469694043	6144
657	2517	405.223778360473	6144
657	2520	405.223778360473	6144
657	2871	242.125809809664	6144
657	2874	242.125809809664	6144
660	1392	71.9217760223261	3072
759	1341	331.39764553974	3072
858	861	0	6144
858	888	867.730352623463	6144
858	891	867.730352623463	6144
858	1338	979.610951676279	6144
858	1719	1048.55361784291	6144
858	1722	1048.55361784291	6144
858	2121	1048.89289067243	6144
858	2124	1048.89289067243	6144
858	2619	983.802511018631	6144
858	2622	983.802511018631	6144
858	2817	67.9128508390758	6144
858	2820	67.9128508390758	6144
858	2973	866.449659652056	6144
858	2976	866.449659652056	6144
858	3171	35.8296569288029	6144
858	3174	35.8296569288029	6144
858	3225	762.300534825551	6144
858	3228	762.300534825551	6144
861	888	867.730352623463	6144
861	891	867.730352623463	6144
861	1338	979.610951676279	6144
861	1719	1048.55361784291	6144
861	1722	1048.55361784291	6144
861	2121	1048.89289067243	6144
861	2124	1048.89289067243	6144
861	2619	983.802511018631	6144
861	2622	983.802511018631	6144
861	2817	67.9128508390758	6144
861	2820	67.9128508390758	6144
861	2973	866.449659652056	6144
861	2976	866.449659652056	6144
861	3171	35.8296569288029	6144
861	3174	35.8296569288029	6144
861	3225	762.300534825551	6144
861	3228	762.300534825551	6144
864	867	22.5853518196379	768
864	870	22.5531479288758	768
864	873	23.1960729324588	768
864	876	25.1021257277794	768
864	879	30.5839958211576	768
864	882	28.7550956964073	768
864	885	31.1937656667227	768
864	1695	24.7962271177201	768
864	1698	25.7734690837109	768
864	1701	25.7060837885744	768
864	1704	27.9094532416236	768
864	1707	33.2889200694609	768
864	1710	33.5822943486724	768
864	1713	63.7007813312183	768
864	1716	89.0112374824487	768
867	870	15.5408244783227	768
867	873	16.4049017556515	768
867	876	14.9739095419554	768
867	879	21.4163781730934	768
867	882	27.8893584480439	768
867	885	37.6117401590082	768
867	1695	14.2404536345197	768
867	1698	16.2843301342789	768
867	1701	17.0592469553866	768
867	1704	22.2169475746759	768
867	1707	32.2213930385259	768
867	1710	43.8835413038269	768
867	1713	68.3642587876657	768
867	1716	88.6731964151899	768
870	873	7.35775205123113	768
870	876	13.9708931264907	768
870	879	24.6447853496549	768
870	882	28.3286946691982	768
870	885	36.9499917560524	768
870	1695	4.26448522311908	768
870	1698	6.56315479408428	768
870	1701	17.126227958357	768
870	1704	26.9877939918696	768
870	1707	34.953873718589	768
870	1710	41.2836865991327	768
870	1713	69.4723554842284	768
870	1716	89.9462337906387	768
873	876	10.1721733565395	768
873	879	24.0942649077206	768
873	882	28.1160948487352	768
873	885	34.5712701987752	768
873	1695	7.52382026824677	768
873	1698	5.27858307684033	768
873	1701	14.0337272443556	768
873	1704	25.006392783884	768
873	1707	35.5959721728185	768
873	1710	40.8069255349087	768
873	1713	68.7163450981319	768
873	1716	90.9413744049565	768
876	879	18.5640771163528	768
876	882	24.5925899725352	768
876	885	35.1025501204629	768
876	1695	12.9619299170828	768
876	1698	10.2103619240968	768
876	1701	7.69097223326141	768
876	1704	19.6271450597658	768
876	1707	30.7396972221769	768
876	1710	43.422340608323	768
876	1713	68.3483043946145	768
876	1716	92.2056551250496	768
879	882	13.4560376907808	768
879	885	31.820248904422	768
879	1695	21.8851779791229	768
879	1698	21.8773336564004	768
879	1701	12.9291251671861	768
879	1704	6.75162272652311	768
879	1707	18.3239323248054	768
879	1710	40.2440200080182	768
879	1713	65.8228494183783	768
879	1716	89.3481893349015	768
882	885	23.5113411609278	768
882	1695	28.7090901639233	768
882	1698	26.4149561632999	768
882	1701	19.1174047948556	768
882	1704	11.6352123353574	768
882	1707	10.6007424557132	768
882	1710	31.6770634531388	768
882	1713	60.4026218568031	768
882	1716	88.3901832670524	768
885	1695	37.1095034293362	768
885	1698	35.3298388012674	768
885	1701	34.3289611764222	768
885	1704	28.6267989562173	768
885	1707	21.8355698549138	768
885	1710	12.3773441388363	768
885	1713	48.7113294329969	768
885	1716	82.0994770808579	768
888	891	0	6144
888	1338	156.075020811634	6144
888	1719	235.858877886684	6144
888	1722	235.858877886684	6144
888	2121	251.86609258576	6144
888	2124	251.86609258576	6144
888	2619	243.231239654077	6144
888	2622	243.231239654077	6144
888	2817	872.583386798911	6144
888	2820	872.583386798911	6144
888	2973	278.708243550191	6144
888	2976	278.708243550191	6144
888	3171	873.932421207079	6144
888	3174	873.932421207079	6144
888	3225	139.183645599277	6144
888	3228	139.183645599277	6144
891	1338	156.075020811634	6144
891	1719	235.858877886684	6144
891	1722	235.858877886684	6144
891	2121	251.86609258576	6144
891	2124	251.86609258576	6144
891	2619	243.231239654077	6144
891	2622	243.231239654077	6144
891	2817	872.583386798911	6144
891	2820	872.583386798911	6144
891	2973	278.708243550191	6144
891	2976	278.708243550191	6144
891	3171	873.932421207079	6144
891	3174	873.932421207079	6144
891	3225	139.183645599277	6144
891	3228	139.183645599277	6144
1086	1089	0	6144
1086	1284	509.147702094983	6144
1086	1287	509.147702094983	6144
1086	1491	244.039536730902	6144
1086	1494	244.039536730902	6144
1086	1689	489.047393264889	6144
1086	1692	489.047393264889	6144
1086	2019	416.127318436272	6144
1086	2022	416.127318436272	6144
1086	2517	227.21457427524	6144
1086	2520	227.21457427524	6144
1086	2871	272.731594055721	6144
1086	2874	272.731594055721	6144
1089	1284	509.147702094983	6144
1089	1287	509.147702094983	6144
1089	1491	244.039536730902	6144
1089	1494	244.039536730902	6144
1089	1689	489.047393264889	6144
1089	1692	489.047393264889	6144
1089	2019	416.127318436272	6144
1089	2022	416.127318436272	6144
1089	2517	227.21457427524	6144
1089	2520	227.21457427524	6144
1089	2871	272.731594055721	6144
1089	2874	272.731594055721	6144
1284	1287	0	6144
1284	1491	327.986738926338	6144
1284	1494	327.986738926338	6144
1284	1689	85.0464693942355	6144
1284	1692	85.0464693942355	6144
1284	2019	145.766561477316	6144
1284	2022	145.766561477316	6144
1284	2517	336.948905730548	6144
1284	2520	336.948905730548	6144
1284	2871	532.566379026248	6144
1284	2874	532.566379026248	6144
1287	1491	327.986738926338	6144
1287	1494	327.986738926338	6144
1287	1689	85.0464693942355	6144
1287	1692	85.0464693942355	6144
1287	2019	145.766561477316	6144
1287	2022	145.766561477316	6144
1287	2517	336.948905730548	6144
1287	2520	336.948905730548	6144
1287	2871	532.566379026248	6144
1287	2874	532.566379026248	6144
1290	1293	8.66535208273948	384
1290	1296	10.061318716828	384
1290	1299	11.4832296731568	384
1290	1302	9.98062219187899	384
1290	1305	10.1122525937456	384
1290	1308	9.07980648301142	384
1290	1311	9.07613420230439	384
1290	1314	11.5461437624201	384
1290	1317	12.8963661645407	384
1290	1320	14.6263825027604	384
1290	1323	19.6837020290194	384
1290	1326	19.8054405132934	384
1290	1329	23.3374394072491	384
1290	1332	29.1693464903438	384
1290	1335	36.2142880153268	384
1290	2823	28.9364455316039	384
1290	2826	21.7080621649992	384
1290	2829	18.8017944241838	384
1290	2832	14.8529077857827	384
1290	2835	13.2135621489808	384
1290	2838	11.5738024995741	384
1290	2841	4.59283260776827	384
1290	2844	5.04903932655182	384
1290	2847	9.44521850578156	384
1290	2850	8.17917221935917	384
1290	2853	8.81256482006721	384
1290	2856	8.38704586266153	384
1290	2859	10.1123415975932	384
1290	2862	10.6516556615246	384
1290	2865	12.6106289962045	384
1290	2868	12.6221032168496	384
1290	3177	18.9670119439938	384
1290	3180	14.515515566327	384
1290	3183	12.7571217427463	384
1290	3186	10.2563597034542	384
1290	3189	4.58863955862496	384
1290	3192	6.6964968115055	384
1290	3195	8.99103640694687	384
1290	3198	10.1860940748033	384
1290	3201	11.1287355121318	384
1290	3204	10.5756108695489	384
1290	3207	9.95794832076775	384
1290	3210	8.77866814564928	384
1290	3213	9.55371612883831	384
1290	3216	12.2057683792653	384
1290	3219	13.5787880302045	384
1290	3222	14.3623510487536	384
1293	1296	3.05474262302622	384
1293	1299	5.43364875923456	384
1293	1302	5.83251143446542	384
1293	1305	7.22054597406804	384
1293	1308	7.94782926682348	384
1293	1311	10.2030707137342	384
1293	1314	11.2838806285624	384
1293	1317	11.9212445708731	384
1293	1320	13.3331119261789	384
1293	1323	19.4942914077195	384
1293	1326	19.0455398291806	384
1293	1329	22.6404636887867	384
1293	1332	29.222269080352	384
1293	1335	34.4976476544557	384
1293	2823	29.0844310545222	384
1293	2826	22.8164293019159	384
1293	2829	18.9774479468322	384
1293	2832	14.9342230852396	384
1293	2835	10.3998628365999	384
1293	2838	8.27993958254333	384
1293	2841	7.033885340873	384
1293	2844	6.90839858775122	384
1293	2847	4.44268874350175	384
1293	2850	4.43217373933045	384
1293	2853	4.06925722311576	384
1293	2856	5.23726758998421	384
1293	2859	4.58613875095235	384
1293	2862	8.90476765233479	384
1293	2865	13.6143591163619	384
1293	2868	13.8669118557338	384
1293	3177	16.6216632807328	384
1293	3180	12.6296544954025	384
1293	3183	12.0659546332764	384
1293	3186	8.51076485782099	384
1293	3189	9.49465618435178	384
1293	3192	3.00239194910751	384
1293	3195	2.2732561952318	384
1293	3198	3.06826543188477	384
1293	3201	4.6874371960882	384
1293	3204	6.69565948458418	384
1293	3207	9.36515559963582	384
1293	3210	11.3576100622264	384
1293	3213	11.5686426240934	384
1293	3216	11.4901901467227	384
1293	3219	12.657319295583	384
1293	3222	16.8998812778171	384
1296	1299	4.58641722952947	384
1296	1302	4.63912194471137	384
1296	1305	6.36286305031205	384
1296	1308	7.82360132529417	384
1296	1311	11.0390563882142	384
1296	1314	12.7215628378929	384
1296	1317	12.4780218769617	384
1296	1320	13.4517565617518	384
1296	1323	20.0270739343405	384
1296	1326	19.3178868117133	384
1296	1329	23.3680978834607	384
1296	1332	30.540807096341	384
1296	1335	35.8021372614326	384
1296	2823	28.9184909436212	384
1296	2826	23.0917508109524	384
1296	2829	20.1754609332545	384
1296	2832	16.4970267562102	384
1296	2835	12.0368164947	384
1296	2838	8.72584031738071	384
1296	2841	8.30862609146448	384
1296	2844	7.50068381901782	384
1296	2847	4.32867729728301	384
1296	2850	4.00681912249948	384
1296	2853	3.69580197233456	384
1296	2856	5.1426107803545	384
1296	2859	4.0282759641296	384
1296	2862	8.03166017754593	384
1296	2865	13.4254236940421	384
1296	2868	13.7522831776499	384
1296	3177	15.9945890425101	384
1296	3180	13.6865463660275	384
1296	3183	12.0875832064189	384
1296	3186	9.60807409120726	384
1296	3189	11.7708173812343	384
1296	3192	4.6819287608024	384
1296	3195	2.4587466864681	384
1296	3198	1.51912658399402	384
1296	3201	3.38929599635799	384
1296	3204	5.76092910445641	384
1296	3207	8.54694642712199	384
1296	3210	10.8404880252662	384
1296	3213	12.3468955811491	384
1296	3216	13.2134483532471	384
1296	3219	12.7641126128569	384
1296	3222	17.4228257842068	384
1299	1302	2.65441497204842	384
1299	1305	4.74323822108433	384
1299	1308	8.41746724511064	384
1299	1311	10.5168095793761	384
1299	1314	12.6957142364041	384
1299	1317	13.6978722205413	384
1299	1320	14.0234292213802	384
1299	1323	18.5532979148228	384
1299	1326	17.3884974609164	384
1299	1329	23.0112353437778	384
1299	1332	30.607036583029	384
1299	1335	35.9213677317362	384
1299	2823	28.9739762454912	384
1299	2826	22.7273914429158	384
1299	2829	21.8656729673805	384
1299	2832	17.6604089140742	384
1299	2835	14.6965919471191	384
1299	2838	11.4409764311678	384
1299	2841	9.96248928707867	384
1299	2844	6.72383523702161	384
1299	2847	5.18238514063604	384
1299	2850	6.4542181155126	384
1299	2853	4.89117194152963	384
1299	2856	5.36091666798782	384
1299	2859	5.78726030018158	384
1299	2862	7.5042179078311	384
1299	2865	10.5433232353942	384
1299	2868	12.4212955533748	384
1299	3177	18.3009420187206	384
1299	3180	15.3738717583853	384
1299	3183	12.1696978644591	384
1299	3186	10.2843735973519	384
1299	3189	11.7844654809836	384
1299	3192	7.12997572598759	384
1299	3195	4.93846415883762	384
1299	3198	4.17135859135359	384
1299	3201	2.72913238335713	384
1299	3204	3.42703593126529	384
1299	3207	6.93211527755184	384
1299	3210	11.7740624376192	384
1299	3213	13.3606558609959	384
1299	3216	13.6581941420282	384
1299	3219	14.4095925504984	384
1299	3222	19.01072539983	384
1302	1305	3.1145587940233	384
1302	1308	6.37011947539872	384
1302	1311	9.47970708127625	384
1302	1314	12.0636520103356	384
1302	1317	12.9498710305771	384
1302	1320	13.4232061408286	384
1302	1323	19.134282475853	384
1302	1326	16.5100232621002	384
1302	1329	22.4837492212916	384
1302	1332	30.3420135025419	384
1302	1335	36.2377586757745	384
1302	2823	29.1707778199303	384
1302	2826	22.4541890554129	384
1302	2829	21.474555648408	384
1302	2832	17.9851452863282	384
1302	2835	15.1254729333576	384
1302	2838	12.0431494522179	384
1302	2841	10.3760890003069	384
1302	2844	5.71033195483909	384
1302	2847	4.50055040021607	384
1302	2850	5.29124664004815	384
1302	2853	3.46468381447782	384
1302	2856	3.57648936348582	384
1302	2859	4.93447907119038	384
1302	2862	7.82219026425641	384
1302	2865	9.84446072350961	384
1302	2868	10.8271610553947	384
1302	3177	19.1342247627816	384
1302	3180	15.9136313311684	384
1302	3183	11.7147786474126	384
1302	3186	10.1645388548704	384
1302	3189	10.8185484004759	384
1302	3192	5.2346255309221	384
1302	3195	5.46606093461371	384
1302	3198	4.12034738477368	384
1302	3201	2.2034487080789	384
1302	3204	2.41016396187242	384
1302	3207	5.25515449662154	384
1302	3210	10.0096383991035	384
1302	3213	11.8854198829174	384
1302	3216	12.6350084795647	384
1302	3219	13.8135723119428	384
1302	3222	18.7128053560101	384
1305	1308	3.87511990319849	384
1305	1311	8.49179816971452	384
1305	1314	12.1405444415232	384
1305	1317	12.7182018720056	384
1305	1320	13.3343919903353	384
1305	1323	18.7423512681299	384
1305	1326	16.1821342436131	384
1305	1329	21.2663491877041	384
1305	1332	30.4440946691977	384
1305	1335	37.3084366083892	384
1305	2823	28.5667902663627	384
1305	2826	22.0527420982895	384
1305	2829	20.2391246731665	384
1305	2832	17.501476986332	384
1305	2835	16.2752491086789	384
1305	2838	13.1026089817754	384
1305	2841	8.54289361627484	384
1305	2844	6.30165483404103	384
1305	2847	3.52883738143225	384
1305	2850	5.17642622649923	384
1305	2853	5.91941815383842	384
1305	2856	4.3111270010494	384
1305	2859	4.70188081284504	384
1305	2862	7.48114346845648	384
1305	2865	7.62000304005274	384
1305	2868	9.67746232498001	384
1305	3177	20.1184642399763	384
1305	3180	16.5579640259105	384
1305	3183	11.6607892783134	384
1305	3186	9.14788530983766	384
1305	3189	9.04181490523007	384
1305	3192	6.28028903616109	384
1305	3195	7.52884218403077	384
1305	3198	5.91745565676792	384
1305	3201	4.16539069271971	384
1305	3204	2.53960918845237	384
1305	3207	2.88353910027675	384
1305	3210	7.36097455285319	384
1305	3213	11.18301468018	384
1305	3216	12.597802609807	384
1305	3219	13.7542598741357	384
1305	3222	18.4151299160265	384
1308	1311	6.29485634691459	384
1308	1314	9.87676402010907	384
1308	1317	10.2276980616326	384
1308	1320	12.6704966772554	384
1308	1323	18.1461231426919	384
1308	1326	17.1071410581377	384
1308	1329	20.5803209937334	384
1308	1332	29.0721408422256	384
1308	1335	36.1813727424552	384
1308	2823	29.8263552448798	384
1308	2826	23.149696532229	384
1308	2829	19.9547734062219	384
1308	2832	17.3804313860765	384
1308	2835	15.9519882885929	384
1308	2838	13.1753587255485	384
1308	2841	8.7253606161273	384
1308	2844	7.99603219758462	384
1308	2847	5.80695965792181	384
1308	2850	6.00604241050514	384
1308	2853	6.71888824531778	384
1308	2856	5.49108446917222	384
1308	2859	4.36958432469594	384
1308	2862	5.88185287724987	384
1308	2865	7.43173382023536	384
1308	2868	9.01024508412992	384
1308	3177	20.6842256234085	384
1308	3180	16.8319951456596	384
1308	3183	13.4654887134186	384
1308	3186	9.89946311573277	384
1308	3189	8.70335950402753	384
1308	3192	6.78584093540294	384
1308	3195	8.28896599148146	384
1308	3198	7.23597588520847	384
1308	3201	6.91553291782794	384
1308	3204	5.19111617404182	384
1308	3207	2.61608845552909	384
1308	3210	4.07827895858788	384
1308	3213	8.23271881051935	384
1308	3216	10.5663330635554	384
1308	3219	11.7772536406713	384
1308	3222	15.6432286235556	384
1311	1314	4.73914059633211	384
1311	1317	8.38447982025591	384
1311	1320	10.899303410174	384
1311	1323	14.7455141490391	384
1311	1326	16.8607803982088	384
1311	1329	21.837832253292	384
1311	1332	27.7007838962452	384
1311	1335	34.7204829044748	384
1311	2823	32.0918044990385	384
1311	2826	25.3773214105451	384
1311	2829	21.1505511256402	384
1311	2832	16.2580820453786	384
1311	2835	16.3784285156648	384
1311	2838	14.1679542841739	384
1311	2841	10.2047844007107	384
1311	2844	11.049532953151	384
1311	2847	10.8683998381331	384
1311	2850	9.32646377688282	384
1311	2853	8.26916544834251	384
1311	2856	6.39407944483127	384
1311	2859	7.77349394151697	384
1311	2862	4.33796481318654	384
1311	2865	4.79616919186778	384
1311	2868	7.11400583941066	384
1311	3177	21.0757658072041	384
1311	3180	17.9763255576206	384
1311	3183	15.7302388211101	384
1311	3186	12.6814002903501	384
1311	3189	8.6453784172337	384
1311	3192	9.2383830103331	384
1311	3195	9.97223462590211	384
1311	3198	11.4521807637543	384
1311	3201	11.1124233131606	384
1311	3204	7.87977290875203	384
1311	3207	7.29522355967375	384
1311	3210	5.24903241236976	384
1311	3213	4.55282970345579	384
1311	3216	6.56344963532436	384
1311	3219	9.47555233032279	384
1311	3222	12.7235783189395	384
1314	1317	4.64922241065022	384
1314	1320	7.79639075919917	384
1314	1323	12.0779228757363	384
1314	1326	16.3236354030445	384
1314	1329	21.5439240191611	384
1314	1332	27.0866751740812	384
1314	1335	32.9641278914577	384
1314	2823	33.1031340950894	384
1314	2826	26.3516607121217	384
1314	2829	21.9053138233736	384
1314	2832	16.9825553891062	384
1314	2835	15.2470097239711	384
1314	2838	14.1619765817357	384
1314	2841	12.2038800286879	384
1314	2844	12.5948547310862	384
1314	2847	14.1622360882237	384
1314	2850	12.914139607375	384
1314	2853	10.8817396327133	384
1314	2856	9.47562163013024	384
1314	2859	9.51183587354958	384
1314	2862	7.25990913060634	384
1314	2865	6.27986450715073	384
1314	2868	5.3920410088561	384
1314	3177	20.6055486409929	384
1314	3180	16.4150341589885	384
1314	3183	16.6670588985285	384
1314	3186	13.9301612978457	384
1314	3189	11.3301584672712	384
1314	3192	11.0985689124538	384
1314	3195	12.0926726991931	384
1314	3198	12.5212241827999	384
1314	3201	12.2265925694534	384
1314	3204	10.7938157948043	384
1314	3207	11.2477361226039	384
1314	3210	8.79959217197387	384
1314	3213	3.41473657021727	384
1314	3216	2.79917149846212	384
1314	3219	6.62858969591259	384
1314	3222	11.1091247870806	384
1317	1320	3.97316341349726	384
1317	1323	10.5989432632515	384
1317	1326	14.2871815972539	384
1317	1329	19.0140510741302	384
1317	1332	26.7142468106572	384
1317	1335	32.7202723336529	384
1317	2823	30.8001630760123	384
1317	2826	23.540908945255	384
1317	2829	20.7304862818191	384
1317	2832	17.1590811028461	384
1317	2835	14.3907407777542	384
1317	2838	12.8508909079618	384
1317	2841	12.5148156238528	384
1317	2844	12.3559742492731	384
1317	2847	14.0592210692997	384
1317	2850	14.4660572728741	384
1317	2853	13.1243113304446	384
1317	2856	12.2031629531803	384
1317	2859	9.77364965966309	384
1317	2862	8.89828991318738	384
1317	2865	8.71845523841465	384
1317	2868	4.66555424372152	384
1317	3177	18.1733158904319	384
1317	3180	13.7849604744377	384
1317	3183	14.5256136237311	384
1317	3186	13.9145983396277	384
1317	3189	13.9902877121879	384
1317	3192	12.0735454166012	384
1317	3195	13.1469321946708	384
1317	3198	11.9712122426907	384
1317	3201	11.881288838595	384
1317	3204	11.9817193627912	384
1317	3207	11.3188584396574	384
1317	3210	8.98237247283835	384
1317	3213	4.79525540407346	384
1317	3216	2.04818714290127	384
1317	3219	3.70740153329849	384
1317	3222	8.41810286581924	384
1320	1323	8.10030331430191	384
1320	1326	10.6399969882177	384
1320	1329	16.874203335474	384
1320	1332	25.3138255063848	384
1320	1335	31.5330347347505	384
1320	2823	27.3719934190947	384
1320	2826	20.7175367666051	384
1320	2829	19.1853077905441	384
1320	2832	15.4040270414122	384
1320	2835	13.8949467431773	384
1320	2838	13.382986929741	384
1320	2841	13.8901028408697	384
1320	2844	12.5677901969728	384
1320	2847	14.6571619038069	384
1320	2850	16.5650925973329	384
1320	2853	14.9947553076813	384
1320	2856	14.0747192688471	384
1320	2859	11.7272811811365	384
1320	2862	10.3377810626378	384
1320	2865	10.0526576202704	384
1320	2868	6.62376747824752	384
1320	3177	15.5072265565673	384
1320	3180	12.1543630486422	384
1320	3183	13.5274538565276	384
1320	3186	14.5061560114197	384
1320	3189	15.4809337340379	384
1320	3192	13.9361092706112	384
1320	3195	14.6459143397575	384
1320	3198	13.3864999993803	384
1320	3201	12.6487363359773	384
1320	3204	12.4680139190237	384
1320	3207	12.4506460283869	384
1320	3210	11.9756458930068	384
1320	3213	8.55968283635844	384
1320	3216	5.21690607187044	384
1320	3219	1.80015093438731	384
1320	3222	7.45990672668693	384
1323	1326	11.7372958663048	384
1323	1329	16.3642917756482	384
1323	1332	21.9933654213421	384
1323	1335	28.9330501747014	384
1323	2823	25.7742580713041	384
1323	2826	20.8757856988093	384
1323	2829	21.7036147407997	384
1323	2832	16.8356284073302	384
1323	2835	19.5358230126509	384
1323	2838	18.5828942481705	384
1323	2841	18.7749059641993	384
1323	2844	18.0392032170807	384
1323	2847	20.268495701414	384
1323	2850	21.9841822505783	384
1323	2853	21.0018734575219	384
1323	2856	19.4182465790312	384
1323	2859	18.1543381960449	384
1323	2862	14.224286521233	384
1323	2865	12.2201869237347	384
1323	2868	10.9491726111585	384
1323	3177	18.0436673889463	384
1323	3180	16.1797401558152	384
1323	3183	18.6270938423964	384
1323	3186	18.7995158922772	384
1323	3189	18.4140763353734	384
1323	3192	20.205687780874	384
1323	3195	20.5614001606676	384
1323	3198	19.9704408775695	384
1323	3201	19.2253404050407	384
1323	3204	17.5507832124076	384
1323	3207	17.8049544690002	384
1323	3210	17.0572154830778	384
1323	3213	13.4136803050406	384
1323	3216	11.4118900511606	384
1323	3219	8.86269083192617	384
1323	3222	8.74485119912555	384
1326	1329	9.29777228569258	384
1326	1332	19.8634973668285	384
1326	1335	29.0806732102346	384
1326	2823	21.1733891745984	384
1326	2826	16.8035368055232	384
1326	2829	19.499927268588	384
1326	2832	16.9740318628015	384
1326	2835	17.3710205888465	384
1326	2838	16.3778127508316	384
1326	2841	19.8085188723975	384
1326	2844	16.9537151715124	384
1326	2847	17.6128917805217	384
1326	2850	19.5846925336661	384
1326	2853	19.2057225848545	384
1326	2856	17.6377396487776	384
1326	2859	18.1128844055692	384
1326	2862	17.0435113233472	384
1326	2865	15.802466530957	384
1326	2868	13.1245336037571	384
1326	3177	17.6443741806669	384
1326	3180	16.6112400541416	384
1326	3183	14.5418616917506	384
1326	3186	16.5155208389203	384
1326	3189	19.1408329415998	384
1326	3192	18.6899824311123	384
1326	3195	19.9168335360323	384
1326	3198	19.3358447780354	384
1326	3201	17.5914010964252	384
1326	3204	15.116149730832	384
1326	3207	16.5021605314081	384
1326	3210	18.9847705049893	384
1326	3213	16.3231989948227	384
1326	3216	14.4631907735329	384
1326	3219	11.7321114053451	384
1326	3222	12.1510908287692	384
1329	1332	12.9610127094813	384
1329	1335	22.7880145689008	384
1329	2823	19.1050588894727	384
1329	2826	16.4512345098264	384
1329	2829	17.3621843806784	384
1329	2832	16.7342633599717	384
1329	2835	19.3076230980876	384
1329	2838	19.200147872129	384
1329	2841	21.7006032495244	384
1329	2844	22.7916146168093	384
1329	2847	20.5163471703012	384
1329	2850	21.6484264031395	384
1329	2853	22.9213648028258	384
1329	2856	22.3440519008162	384
1329	2859	23.0185536225891	384
1329	2862	22.6600838603841	384
1329	2865	20.5302957866813	384
1329	2868	19.8517813456606	384
1329	3177	18.4647546865077	384
1329	3180	17.2989763297074	384
1329	3183	16.9472761551719	384
1329	3186	18.3715379756837	384
1329	3189	22.400143581734	384
1329	3192	21.341074491475	384
1329	3195	23.6158646242124	384
1329	3198	22.8758866709078	384
1329	3201	23.4872383541729	384
1329	3204	21.7032962684528	384
1329	3207	21.1632403787566	384
1329	3210	20.8485439583274	384
1329	3213	20.8768683141199	384
1329	3216	19.6907145125629	384
1329	3219	17.1372849138026	384
1329	3222	15.1690697883581	384
1332	1335	10.5455186255619	384
1332	2823	25.1207985959166	384
1332	2826	22.6676137076162	384
1332	2829	23.1021007792045	384
1332	2832	22.6967093266218	384
1332	2835	25.7467084715285	384
1332	2838	27.3168591157769	384
1332	2841	29.6043922967187	384
1332	2844	30.5242062382117	384
1332	2847	29.9206245193183	384
1332	2850	28.7758435169565	384
1332	2853	28.8764029218793	384
1332	2856	28.1966757476162	384
1332	2859	30.1008469768807	384
1332	2862	28.9144444004927	384
1332	2865	28.8802463087347	384
1332	2868	28.0599834178157	384
1332	3177	24.7209161555471	384
1332	3180	24.9974745236782	384
1332	3183	26.6193678532298	384
1332	3186	28.1690836372645	384
1332	3189	29.5556363239749	384
1332	3192	28.0720353192345	384
1332	3195	29.3075500101742	384
1332	3198	30.4953833155448	384
1332	3201	31.5031604073211	384
1332	3204	29.9145087704768	384
1332	3207	29.9860700464597	384
1332	3210	28.6070635768723	384
1332	3213	26.8820751705083	384
1332	3216	26.2165088867948	384
1332	3219	24.7510264129433	384
1332	3222	22.1095675869863	384
1335	2823	33.1357477489486	384
1335	2826	30.3708130349928	384
1335	2829	30.9410543892597	384
1335	2832	29.7961994316003	384
1335	2835	32.1157224961611	384
1335	2838	33.7336293346069	384
1335	2841	35.909354730039	384
1335	2844	36.3936060425383	384
1335	2847	36.8188138692076	384
1335	2850	35.8866721352779	384
1335	2853	34.9000313712653	384
1335	2856	34.6414279904925	384
1335	2859	35.4328826200394	384
1335	2862	34.9521098885887	384
1335	2865	36.1098299962924	384
1335	2868	35.6411306426854	384
1335	3177	31.1765473002651	384
1335	3180	30.5726898429384	384
1335	3183	33.8350352321596	384
1335	3186	35.43147088975	384
1335	3189	36.8925044786044	384
1335	3192	33.9425708509634	384
1335	3195	35.1611882865353	384
1335	3198	35.4238731839953	384
1335	3201	36.0417834814314	384
1335	3204	35.7748187530793	384
1335	3207	36.9293993733097	384
1335	3210	36.0404071321111	384
1335	3213	34.1672247994025	384
1335	3216	32.2417628733381	384
1335	3219	31.5927764589837	384
1335	3222	30.0079566109384	384
1338	1719	109.967704653403	6144
1338	1722	109.967704653403	6144
1338	2121	173.827603768445	6144
1338	2124	173.827603768445	6144
1338	2619	238.651155667383	6144
1338	2622	238.651155667383	6144
1338	2817	991.631997401308	6144
1338	2820	991.631997401308	6144
1338	2973	323.762788175259	6144
1338	2976	323.762788175259	6144
1338	3171	990.728466880708	6144
1338	3174	990.728466880708	6144
1338	3225	286.209834189222	6144
1338	3228	286.209834189222	6144
1491	1494	0	6144
1491	1689	304.336168450316	6144
1491	1692	304.336168450316	6144
1491	2019	227.858370969707	6144
1491	2022	227.858370969707	6144
1491	2517	285.784837737006	6144
1491	2520	285.784837737006	6144
1491	2871	453.627831640513	6144
1491	2874	453.627831640513	6144
1494	1689	304.336168450316	6144
1494	1692	304.336168450316	6144
1494	2019	227.858370969707	6144
1494	2022	227.858370969707	6144
1494	2517	285.784837737006	6144
1494	2520	285.784837737006	6144
1494	2871	453.627831640513	6144
1494	2874	453.627831640513	6144
1689	1692	0	6144
1689	2019	112.971568039235	6144
1689	2022	112.971568039235	6144
1689	2517	301.485078429514	6144
1689	2520	301.485078429514	6144
1689	2871	497.654460073198	6144
1689	2874	497.654460073198	6144
1692	2019	112.971568039235	6144
1692	2022	112.971568039235	6144
1692	2517	301.485078429514	6144
1692	2520	301.485078429514	6144
1692	2871	497.654460073198	6144
1692	2874	497.654460073198	6144
1695	1698	7.64995226388782	768
1695	1701	16.5137796401142	768
1695	1704	25.5299991124607	768
1695	1707	34.451350230455	768
1695	1710	42.48217172807	768
1695	1713	69.3756494157432	768
1695	1716	88.675331200045	768
1698	1701	13.1001151689184	768
1698	1704	24.2421347336478	768
1698	1707	32.8488691524332	768
1698	1710	41.460616921929	768
1698	1713	69.8023354992	768
1698	1716	90.7971654050997	768
1701	1704	14.9956354205216	768
1701	1707	25.3647016830808	768
1701	1710	41.6509575898299	768
1701	1713	67.4344855406456	768
1701	1716	90.8549354066669	768
1704	1707	18.3545524304763	768
1704	1710	37.1961151071893	768
1704	1713	63.0181256854267	768
1704	1716	88.4671087095748	768
1707	1710	28.2490631252462	768
1707	1713	55.5189036221404	768
1707	1716	83.6708124921945	768
1710	1713	43.3602646062338	768
1710	1716	77.8077215207197	768
1713	1716	39.3783235238787	768
1719	1722	0	6144
1719	2121	100.308536540315	6144
1719	2124	100.308536540315	6144
1719	2619	192.690979512264	6144
1719	2622	192.690979512264	6144
1719	2817	1058.50027097117	6144
1719	2820	1058.50027097117	6144
1719	2973	327.602044248721	6144
1719	2976	327.602044248721	6144
1719	3171	1058.89305749649	6144
1719	3174	1058.89305749649	6144
1719	3225	358.349846959835	6144
1719	3228	358.349846959835	6144
1722	2121	100.308536540315	6144
1722	2124	100.308536540315	6144
1722	2619	192.690979512264	6144
1722	2622	192.690979512264	6144
1722	2817	1058.50027097117	6144
1722	2820	1058.50027097117	6144
1722	2973	327.602044248721	6144
1722	2976	327.602044248721	6144
1722	3171	1058.89305749649	6144
1722	3174	1058.89305749649	6144
1722	3225	358.349846959835	6144
1722	3228	358.349846959835	6144
1917	1920	0	6144
1917	2319	133.891190689999	6144
1917	2322	133.891190689999	6144
1920	2319	133.891190689999	6144
1920	2322	133.891190689999	6144
2019	2022	0	6144
2019	2517	224.366099042681	6144
2019	2520	224.366099042681	6144
2019	2871	433.377968262864	6144
2019	2874	433.377968262864	6144
2022	2517	224.366099042681	6144
2022	2520	224.366099042681	6144
2022	2871	433.377968262864	6144
2022	2874	433.377968262864	6144
2121	2124	0	6144
2121	2619	118.17154630739	6144
2121	2622	118.17154630739	6144
2121	2817	1056.42495522862	6144
2121	2820	1056.42495522862	6144
2121	2973	271.991508699536	6144
2121	2976	271.991508699536	6144
2121	3171	1056.80082044113	6144
2121	3174	1056.80082044113	6144
2121	3225	347.909096340106	6144
2121	3228	347.909096340106	6144
2124	2619	118.17154630739	6144
2124	2622	118.17154630739	6144
2124	2817	1056.42495522862	6144
2124	2820	1056.42495522862	6144
2124	2973	271.991508699536	6144
2124	2976	271.991508699536	6144
2124	3171	1056.80082044113	6144
2124	3174	1056.80082044113	6144
2124	3225	347.909096340106	6144
2124	3228	347.909096340106	6144
2319	2322	0	6144
2517	2520	0	6144
2517	2871	211.806077311654	6144
2517	2874	211.806077311654	6144
2520	2871	211.806077311654	6144
2520	2874	211.806077311654	6144
2619	2622	0	6144
2619	2817	990.346880423464	6144
2619	2820	990.346880423464	6144
2619	2973	168.553057360245	6144
2619	2976	168.553057360245	6144
2619	3171	989.191917327947	6144
2619	3174	989.191917327947	6144
2619	3225	307.992312215762	6144
2619	3228	307.992312215762	6144
2622	2817	990.346880423464	6144
2622	2820	990.346880423464	6144
2622	2973	168.553057360245	6144
2622	2976	168.553057360245	6144
2622	3171	989.191917327947	6144
2622	3174	989.191917327947	6144
2622	3225	307.992312215762	6144
2622	3228	307.992312215762	6144
2817	2820	0	6144
2817	2973	866.057765665339	6144
2817	2976	866.057765665339	6144
2817	3171	51.4154926015577	6144
2817	3174	51.4154926015577	6144
2817	3225	764.425037848854	6144
2817	3228	764.425037848854	6144
2820	2973	866.057765665339	6144
2820	2976	866.057765665339	6144
2820	3171	51.4154926015577	6144
2820	3174	51.4154926015577	6144
2820	3225	764.425037848854	6144
2820	3228	764.425037848854	6144
2823	2826	8.72985546638988	384
2823	2829	14.4334245565833	384
2823	2832	17.8440258066321	384
2823	2835	21.5529043242152	384
2823	2838	23.2547881424275	384
2823	2841	26.5574630489036	384
2823	2844	28.0998471823801	384
2823	2847	25.979353610339	384
2823	2850	28.4264861681342	384
2823	2853	30.5479093888063	384
2823	2856	30.8068419297503	384
2823	2859	31.4800118952195	384
2823	2862	31.7435718080918	384
2823	2865	30.163819239156	384
2823	2868	30.3357931616783	384
2823	3177	16.4133576253604	384
2823	3180	18.6799812157895	384
2823	3183	19.8432574241074	384
2823	3186	21.1819674189618	384
2823	3189	27.4760098370309	384
2823	3192	28.3950344472844	384
2823	3195	29.7035665951232	384
2823	3198	29.3534181560631	384
2823	3201	30.1992854940655	384
2823	3204	29.3467592058616	384
2823	3207	29.4974085245838	384
2823	3210	30.8644621437847	384
2823	3213	32.6191919607867	384
2823	3216	31.4562947905771	384
2823	3219	28.2194185821031	384
2823	3222	26.5984688127848	384
2826	2829	9.57326101501379	384
2826	2832	12.1341984252879	384
2826	2835	16.9430664198111	384
2826	2838	18.3087169986103	384
2826	2841	19.8989224375338	384
2826	2844	20.781756827693	384
2826	2847	20.1266921423545	384
2826	2850	21.8796897298967	384
2826	2853	24.1183660781395	384
2826	2856	24.0946281422797	384
2826	2859	24.4928532424645	384
2826	2862	25.583934087263	384
2826	2865	23.8479439180988	384
2826	2868	23.1082636823749	384
2826	3177	12.5073621415433	384
2826	3180	12.3809687128787	384
2826	3183	14.1373875216949	384
2826	3186	16.8728734702416	384
2826	3189	21.2212511057124	384
2826	3192	21.5313649954286	384
2826	3195	23.6643477569706	384
2826	3198	23.1745892109258	384
2826	3201	23.2008324741596	384
2826	3204	22.4610714023864	384
2826	3207	22.7394903585619	384
2826	3210	23.9469835551279	384
2826	3213	25.452346945074	384
2826	3216	24.559018649253	384
2826	3219	21.3463218621969	384
2826	3222	19.1638048198606	384
2829	2832	8.59799154886512	384
2829	2835	10.2907273600454	384
2829	2838	13.8503737183184	384
2829	2841	16.7238831500499	384
2829	2844	20.4529081020081	384
2829	2847	18.0463712248453	384
2829	2850	17.9939161288699	384
2829	2853	20.0103402474469	384
2829	2856	19.9018147139183	384
2829	2859	21.4593446018305	384
2829	2862	22.7832770089535	384
2829	2865	22.0602597136748	384
2829	2868	21.4054285694126	384
2829	3177	6.47575688670703	384
2829	3180	10.5473184739276	384
2829	3183	11.7411419824566	384
2829	3186	13.2978618983605	384
2829	3189	18.2084925123728	384
2829	3192	18.2784113409808	384
2829	3195	18.9867166385857	384
2829	3198	20.7069884319633	384
2829	3201	22.5352125649302	384
2829	3204	21.2218307721435	384
2829	3207	20.8992519802664	384
2829	3210	20.8606097522365	384
2829	3213	20.9752840415761	384
2829	3216	20.4201127687317	384
2829	3219	18.7270939505469	384
2829	3222	18.2092843179624	384
2832	2835	8.28089359400945	384
2832	2838	10.3902306673529	384
2832	2841	12.8183543674251	384
2832	2844	16.2910794650806	384
2832	2847	15.7097075659784	384
2832	2850	15.2317547094695	384
2832	2853	15.8158331451092	384
2832	2856	15.5461908260378	384
2832	2859	17.3989228448205	384
2832	2862	17.643970584784	384
2832	2865	18.3408467991575	384
2832	2868	18.1226034247758	384
2832	3177	8.02142417632155	384
2832	3180	5.96013993791513	384
2832	3183	9.43208742082271	384
2832	3186	10.9844501553193	384
2832	3189	13.9592392671989	384
2832	3192	15.1426609769052	384
2832	3195	14.9146305701942	384
2832	3198	17.5803013125536	384
2832	3201	18.6677808973889	384
2832	3204	17.0661355267532	384
2832	3207	18.4265201755735	384
2832	3210	18.029780156445	384
2832	3213	16.3379565171785	384
2832	3216	16.1390270035046	384
2832	3219	14.6534362139543	384
2832	3222	15.5513948029636	384
2835	2838	4.75536716795386	384
2835	2841	11.7603113040296	384
2835	2844	13.3799793234868	384
2835	2847	13.5901404531459	384
2835	2850	13.1331823063039	384
2835	2853	13.2000778583748	384
2835	2856	13.5544262636434	384
2835	2859	13.5842715006426	384
2835	2862	16.4683915784385	384
2835	2865	19.4748479315762	384
2835	2868	17.358756341733	384
2835	3177	7.98310926345716	384
2835	3180	6.49126249533865	384
2835	3183	5.77546581461368	384
2835	3186	8.37192675375066	384
2835	3189	13.9043620267946	384
2835	3192	11.3246149369207	384
2835	3195	11.0980819894888	384
2835	3198	12.7601091051683	384
2835	3201	14.2600602318198	384
2835	3204	15.3452913026159	384
2835	3207	17.6570750591638	384
2835	3210	17.9201014757458	384
2835	3213	15.7201947603435	384
2835	3216	13.8421406845814	384
2835	3219	13.2363504488085	384
2835	3222	16.522628393735	384
2838	2841	9.3028790523342	384
2838	2844	10.9873776989027	384
2838	2847	10.4559298718408	384
2838	2850	11.0381142397068	384
2838	2853	10.9185641038479	384
2838	2856	11.085592033268	384
2838	2859	10.6118593619321	384
2838	2862	12.6170454074199	384
2838	2865	16.4811347866762	384
2838	2868	15.0960083604081	384
2838	3177	9.68253658174591	384
2838	3180	8.46635204933634	384
2838	3183	5.5755720857595	384
2838	3186	5.7035734553464	384
2838	3189	12.2234278226131	384
2838	3192	10.3282860445209	384
2838	3195	8.36908596897506	384
2838	3198	9.89022005730014	384
2838	3201	11.6710471382632	384
2838	3204	12.1370358244314	384
2838	3207	14.8306007137351	384
2838	3210	15.0905356447469	384
2838	3213	13.8771300027531	384
2838	3216	13.4748308928787	384
2838	3219	12.5311497228356	384
2838	3222	15.804743257414	384
2841	2844	5.80485892930092	384
2841	2847	7.89011200161948	384
2841	2850	7.70994984330291	384
2841	2853	8.80438797628542	384
2841	2856	8.31327641420147	384
2841	2859	8.2048760943858	384
2841	2862	9.81494201395678	384
2841	2865	12.0651077395434	384
2841	2868	13.7624752042539	384
2841	3177	16.318699399145	384
2841	3180	11.9571331712616	384
2841	3183	11.1753880127636	384
2841	3186	7.7899163129711	384
2841	3189	5.35920564230548	384
2841	3192	7.29623356253608	384
2841	3195	7.72208951990137	384
2841	3198	8.55505113658608	384
2841	3201	9.75004536708043	384
2841	3204	9.64815575862827	384
2841	3207	9.55967784435395	384
2841	3210	9.47874733478988	384
2841	3213	11.0326839208406	384
2841	3216	12.8517485298326	384
2841	3219	12.9963687647531	384
2841	3222	14.3623774808446	384
2844	2847	6.23121826656965	384
2844	2850	8.18634938875296	384
2844	2853	8.35696185921907	384
2844	2856	8.08115368423164	384
2844	2859	7.73024987580327	384
2844	2862	9.49318849455947	384
2844	2865	10.9649141182403	384
2844	2868	10.7636986157353	384
2844	3177	18.0872481401192	384
2844	3180	13.4708456845532	384
2844	3183	10.0796369585934	384
2844	3186	9.6606498565227	384
2844	3189	7.78378385445387	384
2844	3192	5.90820592381607	384
2844	3195	8.12117159941256	384
2844	3198	7.06780050672237	384
2844	3201	6.05991026458742	384
2844	3204	6.21678579792547	384
2844	3207	6.77681983350062	384
2844	3210	9.87726144370109	384
2844	3213	11.7419720822009	384
2844	3216	12.7994871101507	384
2844	3219	13.2646364391826	384
2844	3222	16.1221777646959	384
2847	2850	3.13717900205597	384
2847	2853	5.63704272029373	384
2847	2856	6.38771705995477	384
2847	2859	6.53236006162405	384
2847	2862	10.2578679380166	384
2847	2865	10.4827840882351	384
2847	2868	11.8185099469014	384
2847	3177	18.2042383097038	384
2847	3180	14.5908749912081	384
2847	3183	9.91306001351009	384
2847	3186	6.74934469029398	384
2847	3189	8.8077682921405	384
2847	3192	4.0789805358722	384
2847	3195	5.09124780134828	384
2847	3198	4.18743315043618	384
2847	3201	5.08452864718257	384
2847	3204	5.32284488905469	384
2847	3207	5.76359238387049	384
2847	3210	9.24931962276555	384
2847	3213	12.799542054678	384
2847	3216	14.2418101193212	384
2847	3219	14.8104030783914	384
2847	3222	19.0768234902288	384
2850	2853	2.9916658529874	384
2850	2856	4.4098091338384	384
2850	2859	6.25836685295253	384
2850	2862	10.1827952848329	384
2850	2865	12.4231390456868	384
2850	2868	13.3454265481824	384
2850	3177	19.1153128902795	384
2850	3180	16.4438939224974	384
2850	3183	12.1617360163611	384
2850	3186	8.7377697058285	384
2850	3189	8.43974096765674	384
2850	3192	3.65975721354463	384
2850	3195	3.44510228010024	384
2850	3198	3.78254122240871	384
2850	3201	6.05792329000573	384
2850	3204	6.44610867112341	384
2850	3207	7.10809845984597	384
2850	3210	9.0021588136398	384
2850	3213	11.0530970252391	384
2850	3216	13.429573779266	384
2850	3219	15.298361876865	384
2850	3222	18.3767692492469	384
2853	2856	2.26272415741712	384
2853	2859	4.50970376560613	384
2853	2862	8.13144642623738	384
2853	2865	12.7116504208789	384
2853	2868	13.5515777104986	384
2853	3177	18.7112575087139	384
2853	3180	16.1340650634809	384
2853	3183	13.8589181387057	384
2853	3186	10.5836154176338	384
2853	3189	9.83484945861282	384
2853	3192	4.16653227545668	384
2853	3195	2.97495641249002	384
2853	3198	3.51231188327912	384
2853	3201	3.79141717966077	384
2853	3204	4.7810144543301	384
2853	3207	7.93626422739105	384
2853	3210	9.78033673817539	384
2853	3213	10.181251414918	384
2853	3216	11.6756548713864	384
2853	3219	13.8438392197793	384
2853	3222	17.7820712302512	384
2856	2859	3.76121597671763	384
2856	2862	6.48572623945242	384
2856	2865	10.7622033734294	384
2856	2868	11.9499230766227	384
2856	3177	18.8472310790586	384
2856	3180	16.2727046938248	384
2856	3183	13.6719384655115	384
2856	3186	10.5632522136752	384
2856	3189	9.13610994078478	384
2856	3192	4.84282538002571	384
2856	3195	3.9828530484469	384
2856	3198	5.46915167460051	384
2856	3201	5.05028693676757	384
2856	3204	3.38814531097889	384
2856	3207	6.38940743561553	384
2856	3210	8.50946855857834	384
2856	3213	8.8135616689911	384
2856	3216	10.5899124597295	384
2856	3219	12.8571216199552	384
2856	3222	16.4843119654867	384
2859	2862	5.11141756246426	384
2859	2865	10.6455762593235	384
2859	2868	11.5019410688231	384
2859	3177	18.1453053161613	384
2859	3180	14.4248881641607	384
2859	3183	14.1747214622344	384
2859	3186	11.1611750518312	384
2859	3189	11.0817956512999	384
2859	3192	5.90122643805135	384
2859	3195	4.85834429817524	384
2859	3198	3.89399627908765	384
2859	3201	3.7803336619814	384
2859	3204	4.04184558933708	384
2859	3207	5.72293533283167	384
2859	3210	7.5847701410165	384
2859	3213	9.68988875850558	384
2859	3216	10.3089152323019	384
2859	3219	10.6641731938346	384
2859	3222	15.5937701362898	384
2862	2865	6.36728214330151	384
2862	2868	9.22242098572946	384
2862	3177	18.784707367623	384
2862	3180	16.2637094471146	384
2862	3183	15.5103071083507	384
2862	3186	12.8162170824556	384
2862	3189	10.2435413648103	384
2862	3192	9.86071387698794	384
2862	3195	8.79554670928325	384
2862	3198	8.38114600136188	384
2862	3201	7.8910960715117	384
2862	3204	6.27449988827542	384
2862	3207	6.30781483275577	384
2862	3210	6.65340803817109	384
2862	3213	7.88788756579917	384
2862	3216	9.13409743558387	384
2862	3219	9.32329778139	384
2862	3222	13.4972077928859	384
2865	2868	4.73135532068969	384
2865	3177	22.024191896423	384
2865	3180	18.1042527438066	384
2865	3183	14.6668254991492	384
2865	3186	12.2395397059132	384
2865	3189	10.1156185192329	384
2865	3192	12.355595120985	384
2865	3195	14.5853275451809	384
2865	3198	13.2219075131473	384
2865	3201	11.15494707497	384
2865	3204	8.19748210097483	384
2865	3207	6.73102486006242	384
2865	3210	6.52498968204031	384
2865	3213	6.93846818548272	384
2865	3216	8.33776153868553	384
2865	3219	10.2350759023349	384
2865	3222	14.683242669826	384
2868	3177	20.6755360950514	384
2868	3180	16.6851280526579	384
2868	3183	13.122797817377	384
2868	3186	12.8377875308607	384
2868	3189	12.3911512381307	384
2868	3192	12.4612851088395	384
2868	3195	14.6619540819256	384
2868	3198	13.5596512282345	384
2868	3201	11.433739242127	384
2868	3204	9.47615619596173	384
2868	3207	8.4109465323041	384
2868	3210	7.87236636672614	384
2868	3213	4.65964444443428	384
2868	3216	4.89083512136699	384
2868	3219	7.27339999123553	384
2868	3222	11.1177981540883	384
2871	2874	0	6144
2973	2976	0	6144
2973	3171	868.033700848083	6144
2973	3174	868.033700848083	6144
2973	3225	261.414797815542	6144
2973	3228	261.414797815542	6144
2976	3171	868.033700848083	6144
2976	3174	868.033700848083	6144
2976	3225	261.414797815542	6144
2976	3228	261.414797815542	6144
3171	3174	0	6144
3171	3225	766.343393836963	6144
3171	3228	766.343393836963	6144
3174	3225	766.343393836963	6144
3174	3228	766.343393836963	6144
3177	3180	7.71877553472444	384
3177	3183	10.4916180903155	384
3177	3186	12.846730962958	384
3177	3189	19.1262132136228	384
3177	3192	18.1781491754923	384
3177	3195	16.5119165337689	384
3177	3198	17.2873697043303	384
3177	3201	18.821455400329	384
3177	3204	19.1204489956684	384
3177	3207	21.3013502273229	384
3177	3210	21.8120212476256	384
3177	3213	20.6340816658753	384
3177	3216	19.1990744999242	384
3177	3219	15.3627629832441	384
3177	3222	16.9588914012433	384
3180	3183	8.03614200283794	384
3180	3186	10.1369916705539	384
3180	3189	15.1053894938549	384
3180	3192	13.6039978523707	384
3180	3195	13.9981894385462	384
3180	3198	13.9491103122803	384
3180	3201	14.974689911194	384
3180	3204	15.7762330308929	384
3180	3207	17.4085070405049	384
3180	3210	17.8469068717641	384
3180	3213	17.1616325547169	384
3180	3216	15.0473020548741	384
3180	3219	12.4162982472722	384
3180	3222	14.3838986430535	384
3183	3186	6.3194439228357	384
3183	3189	13.3177996426275	384
3183	3192	11.0691900333642	384
3183	3195	12.8321214994361	384
3183	3198	12.5727408491221	384
3183	3201	12.2854155507298	384
3183	3204	11.464892172495	384
3183	3207	12.5233249924473	384
3183	3210	15.0098742966717	384
3183	3213	15.53900137425	384
3183	3216	15.0572254672408	384
3183	3219	14.3624885812379	384
3183	3222	17.2870012998292	384
3186	3189	7.97683781095813	384
3186	3192	8.76212820476836	384
3186	3195	9.50884898908845	384
3186	3198	9.97475888732392	384
3186	3201	11.2756870694618	384
3186	3204	10.0680316543815	384
3186	3207	10.8564876438138	384
3186	3210	12.2250304238545	384
3186	3213	13.4239614104184	384
3186	3216	13.8313760659983	384
3186	3219	13.9937383749611	384
3186	3222	17.9346078361104	384
3189	3192	8.61630473143614	384
3189	3195	10.2794003694162	384
3189	3198	11.7838205550992	384
3189	3201	12.7120828551526	384
3189	3204	10.6348218200028	384
3189	3207	9.57796291864641	384
3189	3210	9.35878463536812	384
3189	3213	10.8660040189106	384
3189	3216	12.5592543851386	384
3189	3219	13.9896043147812	384
3189	3222	16.6619579070299	384
3192	3195	4.24852787246727	384
3192	3198	4.3449257983833	384
3192	3201	5.66252052360218	384
3192	3204	6.46146190671489	384
3192	3207	7.06621496893428	384
3192	3210	9.42920071342932	384
3192	3213	10.2407914334342	384
3192	3216	11.374371386083	384
3192	3219	13.5847978898265	384
3192	3222	16.9382056358073	384
3195	3198	3.12668806599485	384
3195	3201	4.69115076146542	384
3195	3204	6.64021827142053	384
3195	3207	9.85226751426693	384
3195	3210	11.1431449980229	384
3195	3213	11.3506437838656	384
3195	3216	12.5396735037765	384
3195	3219	13.6736941993996	384
3195	3222	17.230298916945	384
3198	3201	2.73675454534188	384
3198	3204	5.60668114704301	384
3198	3207	8.05397231087614	384
3198	3210	10.7773671976655	384
3198	3213	12.5711474917645	384
3198	3216	12.8280005835614	384
3198	3219	12.8426264744021	384
3198	3222	17.6285021220418	384
3201	3204	3.24909098110229	384
3201	3207	5.94640265847348	384
3201	3210	10.6562000660247	384
3201	3213	12.3583145224851	384
3201	3216	12.3683910080211	384
3201	3219	13.1079041761272	384
3201	3222	18.1707492494417	384
3204	3207	3.98145835788503	384
3204	3210	8.6708678377578	384
3204	3213	10.494165722401	384
3204	3216	11.5991368030116	384
3204	3219	12.8885081109607	384
3204	3222	17.4844144014769	384
3207	3210	5.13707336862816	384
3207	3213	9.61509343355769	384
3207	3216	11.8745226577326	384
3207	3219	13.1660068287571	384
3207	3222	16.9754168458289	384
3210	3213	6.23236692595629	384
3210	3216	9.72182183413596	384
3210	3219	10.7530037461794	384
3210	3222	12.142351922368	384
3213	3216	4.01137492221603	384
3213	3219	7.3988317075066	384
3213	3222	9.4069880314204	384
3216	3219	4.59246833895503	384
3216	3222	9.59112640103572	384
3219	3222	6.76492804848789	384
3225	3228	0	6144
3423	3426	0	8544
