115
0 0 1000000 100 10000 1 100 96 30 64 22 51 25 79 70 0 3 0 0 0 0 0 0 0 0 0 0 0 0 0 0 0 0 0 0 0 0 0 0 0 0 0 0 0 0 0 0 0 0 0 0 0 0 0 0 0 0 0 0 0 0 0 0 0 0 0 0 0 0 0 0 0 0 0 0 0 0 0 0 0 0 0 0 0 0 0 0 0 0 0 0 0 0 0 0 0 0 0 0 0 0 0 0 0 0 0 0  0  10 3 4 5 6 7 8 9 10 11 12 
1 0 -1 0 100 2 100 0 2 4 6 8 10 12 14 16 18 20 22 24 26 28 30 32 34 36 38 40 42 44 46 48 50 52 54 56 58 60 62 64 66 68 70 72 74 76 78 80 82 84 86 88 90 92 94 96 98 49 48 47 46 45 44 43 42 41 40 39 38 37 36 35 34 33 32 31 30 29 28 27 26 25 24 23 22 21 20 19 18 17 16 15 14 13 12 11 10 9 8 7 6 5 4 3 2 1 0  0  0
2 0 -1 0 0 -1 0  100 96 30 64 22 51 25 79 70 0 3 40 89 36 31 44 24 17 47 63 2 45 60 58 71 34 11 98 2 42 48 42 5 18 39 17 61 22 32 69 55 36 18 95 11 74 36 3 45 79 61 8 55 60 53 40 36 71 92 88 39 27 77 28 52 60 34 70 96 14 83 1 85 77 8 66 26 64 47 97 97 8 52 22 80 39 86 45 64 98 81 89 30 43 30 28 59 90 43 50 39  0
3 0 10000 10 1000 13 10 96 30 64 22 51 25 79 70 0 3  0  10 15 16 17 18 19 20 21 22 23 24 
4 0 10000 10 1000 13 10 96 30 64 22 51 25 79 70 0 3  0  10 25 26 27 28 29 30 31 32 33 34 
5 0 10000 10 1000 13 10 96 30 64 22 51 25 79 70 0 3  0  10 35 36 37 38 39 40 41 42 43 44 
6 0 10000 10 1000 13 10 96 30 64 22 51 25 79 70 0 3  0  10 45 46 47 48 49 50 51 52 53 54 
7 0 10000 10 1000 13 10 96 30 64 22 51 25 79 70 0 3  0  10 55 56 57 58 59 60 61 62 63 64 
8 0 10000 10 1000 13 10 96 30 64 22 51 25 79 70 0 3  0  10 65 66 67 68 69 70 71 72 73 74 
9 0 10000 10 1000 13 10 96 30 64 22 51 25 79 70 0 3  0  10 75 76 77 78 79 80 81 82 83 84 
10 0 10000 10 1000 13 10 96 30 64 22 51 25 79 70 0 3  0  10 85 86 87 88 89 90 91 92 93 94 
11 0 10000 10 1000 13 10 96 30 64 22 51 25 79 70 0 3  0  10 95 96 97 98 99 100 101 102 103 104 
12 0 10000 10 1000 13 10 96 30 64 22 51 25 79 70 0 3  0  10 105 106 107 108 109 110 111 112 113 114 
13 0 -1 0 100 14 100 0 2 4 6 8 10 12 14 16 18 20 22 24 26 28 30 32 34 36 38 40 42 44 46 48 50 52 54 56 58 60 62 64 66 68 70 72 74 76 78 80 82 84 86 88 90 92 94 96 98 49 48 47 46 45 44 43 42 41 40 39 38 37 36 35 34 33 32 31 30 29 28 27 26 25 24 23 22 21 20 19 18 17 16 15 14 13 12 11 10 9 8 7 6 5 4 3 2 1 0  0  0
14 0 -1 0 0 -1 0  100 96 30 64 22 51 25 79 70 0 3 40 89 36 31 44 24 17 47 63 2 45 60 58 71 34 11 98 2 42 48 42 5 18 39 17 61 22 32 69 55 36 18 95 11 74 36 3 45 79 61 8 55 60 53 40 36 71 92 88 39 27 77 28 52 60 34 70 96 14 83 1 85 77 8 66 26 64 47 97 97 8 52 22 80 39 86 45 64 98 81 89 30 43 30 28 59 90 43 50 39  0
15 0 1000 10 100 -1 10 96 30 64 22 51 25 79 70 0 3  0  0
16 0 1000 10 100 -1 10 96 30 64 22 51 25 79 70 0 3  0  0
17 0 1000 10 100 -1 10 96 30 64 22 51 25 79 70 0 3  0  0
18 0 1000 10 100 -1 10 96 30 64 22 51 25 79 70 0 3  0  0
19 0 1000 10 100 -1 10 96 30 64 22 51 25 79 70 0 3  0  0
20 0 1000 10 100 -1 10 96 30 64 22 51 25 79 70 0 3  0  0
21 0 1000 10 100 -1 10 96 30 64 22 51 25 79 70 0 3  0  0
22 0 1000 10 100 -1 10 96 30 64 22 51 25 79 70 0 3  0  0
23 0 1000 10 100 -1 10 96 30 64 22 51 25 79 70 0 3  0  0
24 0 1000 10 100 -1 10 96 30 64 22 51 25 79 70 0 3  0  0
25 0 1000 10 100 -1 10 96 30 64 22 51 25 79 70 0 3  0  0
26 0 1000 10 100 -1 10 96 30 64 22 51 25 79 70 0 3  0  0
27 0 1000 10 100 -1 10 96 30 64 22 51 25 79 70 0 3  0  0
28 0 1000 10 100 -1 10 96 30 64 22 51 25 79 70 0 3  0  0
29 0 1000 10 100 -1 10 96 30 64 22 51 25 79 70 0 3  0  0
30 0 1000 10 100 -1 10 96 30 64 22 51 25 79 70 0 3  0  0
31 0 1000 10 100 -1 10 96 30 64 22 51 25 79 70 0 3  0  0
32 0 1000 10 100 -1 10 96 30 64 22 51 25 79 70 0 3  0  0
33 0 1000 10 100 -1 10 96 30 64 22 51 25 79 70 0 3  0  0
34 0 1000 10 100 -1 10 96 30 64 22 51 25 79 70 0 3  0  0
35 0 1000 10 100 -1 10 96 30 64 22 51 25 79 70 0 3  0  0
36 0 1000 10 100 -1 10 96 30 64 22 51 25 79 70 0 3  0  0
37 0 1000 10 100 -1 10 96 30 64 22 51 25 79 70 0 3  0  0
38 0 1000 10 100 -1 10 96 30 64 22 51 25 79 70 0 3  0  0
39 0 1000 10 100 -1 10 96 30 64 22 51 25 79 70 0 3  0  0
40 0 1000 10 100 -1 10 96 30 64 22 51 25 79 70 0 3  0  0
41 0 1000 10 100 -1 10 96 30 64 22 51 25 79 70 0 3  0  0
42 0 1000 10 100 -1 10 96 30 64 22 51 25 79 70 0 3  0  0
43 0 1000 10 100 -1 10 96 30 64 22 51 25 79 70 0 3  0  0
44 0 1000 10 100 -1 10 96 30 64 22 51 25 79 70 0 3  0  0
45 0 1000 10 100 -1 10 96 30 64 22 51 25 79 70 0 3  0  0
46 0 1000 10 100 -1 10 96 30 64 22 51 25 79 70 0 3  0  0
47 0 1000 10 100 -1 10 96 30 64 22 51 25 79 70 0 3  0  0
48 0 1000 10 100 -1 10 96 30 64 22 51 25 79 70 0 3  0  0
49 0 1000 10 100 -1 10 96 30 64 22 51 25 79 70 0 3  0  0
50 0 1000 10 100 -1 10 96 30 64 22 51 25 79 70 0 3  0  0
51 0 1000 10 100 -1 10 96 30 64 22 51 25 79 70 0 3  0  0
52 0 1000 10 100 -1 10 96 30 64 22 51 25 79 70 0 3  0  0
53 0 1000 10 100 -1 10 96 30 64 22 51 25 79 70 0 3  0  0
54 0 1000 10 100 -1 10 96 30 64 22 51 25 79 70 0 3  0  0
55 0 1000 10 100 -1 10 96 30 64 22 51 25 79 70 0 3  0  0
56 0 1000 10 100 -1 10 96 30 64 22 51 25 79 70 0 3  0  0
57 0 1000 10 100 -1 10 96 30 64 22 51 25 79 70 0 3  0  0
58 0 1000 10 100 -1 10 96 30 64 22 51 25 79 70 0 3  0  0
59 0 1000 10 100 -1 10 96 30 64 22 51 25 79 70 0 3  0  0
60 0 1000 10 100 -1 10 96 30 64 22 51 25 79 70 0 3  0  0
61 0 1000 10 100 -1 10 96 30 64 22 51 25 79 70 0 3  0  0
62 0 1000 10 100 -1 10 96 30 64 22 51 25 79 70 0 3  0  0
63 0 1000 10 100 -1 10 96 30 64 22 51 25 79 70 0 3  0  0
64 0 1000 10 100 -1 10 96 30 64 22 51 25 79 70 0 3  0  0
65 0 1000 10 100 -1 10 96 30 64 22 51 25 79 70 0 3  0  0
66 0 1000 10 100 -1 10 96 30 64 22 51 25 79 70 0 3  0  0
67 0 1000 10 100 -1 10 96 30 64 22 51 25 79 70 0 3  0  0
68 0 1000 10 100 -1 10 96 30 64 22 51 25 79 70 0 3  0  0
69 0 1000 10 100 -1 10 96 30 64 22 51 25 79 70 0 3  0  0
70 0 1000 10 100 -1 10 96 30 64 22 51 25 79 70 0 3  0  0
71 0 1000 10 100 -1 10 96 30 64 22 51 25 79 70 0 3  0  0
72 0 1000 10 100 -1 10 96 30 64 22 51 25 79 70 0 3  0  0
73 0 1000 10 100 -1 10 96 30 64 22 51 25 79 70 0 3  0  0
74 0 1000 10 100 -1 10 96 30 64 22 51 25 79 70 0 3  0  0
75 0 1000 10 100 -1 10 96 30 64 22 51 25 79 70 0 3  0  0
76 0 1000 10 100 -1 10 96 30 64 22 51 25 79 70 0 3  0  0
77 0 1000 10 100 -1 10 96 30 64 22 51 25 79 70 0 3  0  0
78 0 1000 10 100 -1 10 96 30 64 22 51 25 79 70 0 3  0  0
79 0 1000 10 100 -1 10 96 30 64 22 51 25 79 70 0 3  0  0
80 0 1000 10 100 -1 10 96 30 64 22 51 25 79 70 0 3  0  0
81 0 1000 10 100 -1 10 96 30 64 22 51 25 79 70 0 3  0  0
82 0 1000 10 100 -1 10 96 30 64 22 51 25 79 70 0 3  0  0
83 0 1000 10 100 -1 10 96 30 64 22 51 25 79 70 0 3  0  0
84 0 1000 10 100 -1 10 96 30 64 22 51 25 79 70 0 3  0  0
85 0 1000 10 100 -1 10 96 30 64 22 51 25 79 70 0 3  0  0
86 0 1000 10 100 -1 10 96 30 64 22 51 25 79 70 0 3  0  0
87 0 1000 10 100 -1 10 96 30 64 22 51 25 79 70 0 3  0  0
88 0 1000 10 100 -1 10 96 30 64 22 51 25 79 70 0 3  0  0
89 0 1000 10 100 -1 10 96 30 64 22 51 25 79 70 0 3  0  0
90 0 1000 10 100 -1 10 96 30 64 22 51 25 79 70 0 3  0  0
91 0 1000 10 100 -1 10 96 30 64 22 51 25 79 70 0 3  0  0
92 0 1000 10 100 -1 10 96 30 64 22 51 25 79 70 0 3  0  0
93 0 1000 10 100 -1 10 96 30 64 22 51 25 79 70 0 3  0  0
94 0 1000 10 100 -1 10 96 30 64 22 51 25 79 70 0 3  0  0
95 0 1000 10 100 -1 10 96 30 64 22 51 25 79 70 0 3  0  0
96 0 1000 10 100 -1 10 96 30 64 22 51 25 79 70 0 3  0  0
97 0 1000 10 100 -1 10 96 30 64 22 51 25 79 70 0 3  0  0
98 0 1000 10 100 -1 10 96 30 64 22 51 25 79 70 0 3  0  0
99 0 1000 10 100 -1 10 96 30 64 22 51 25 79 70 0 3  0  0
100 0 1000 10 100 -1 10 96 30 64 22 51 25 79 70 0 3  0  0
101 0 1000 10 100 -1 10 96 30 64 22 51 25 79 70 0 3  0  0
102 0 1000 10 100 -1 10 96 30 64 22 51 25 79 70 0 3  0  0
103 0 1000 10 100 -1 10 96 30 64 22 51 25 79 70 0 3  0  0
104 0 1000 10 100 -1 10 96 30 64 22 51 25 79 70 0 3  0  0
105 0 1000 10 100 -1 10 96 30 64 22 51 25 79 70 0 3  0  0
106 0 1000 10 100 -1 10 96 30 64 22 51 25 79 70 0 3  0  0
107 0 1000 10 100 -1 10 96 30 64 22 51 25 79 70 0 3  0  0
108 0 1000 10 100 -1 10 96 30 64 22 51 25 79 70 0 3  0  0
109 0 1000 10 100 -1 10 96 30 64 22 51 25 79 70 0 3  0  0
110 0 1000 10 100 -1 10 96 30 64 22 51 25 79 70 0 3  0  0
111 0 1000 10 100 -1 10 96 30 64 22 51 25 79 70 0 3  0  0
112 0 1000 10 100 -1 10 96 30 64 22 51 25 79 70 0 3  0  0
113 0 1000 10 100 -1 10 96 30 64 22 51 25 79 70 0 3  0  0
114 0 1000 10 100 -1 10 96 30 64 22 51 25 79 70 0 3  0  0
